0.021	17704
0.026	18173
0.030	19021
0.035	18362
0.039	18159
0.044	18120
0.048	18247
0.053	18063
0.057	17740
0.062	18729
0.066	18966
0.071	17712
0.075	18623
0.080	18966
0.084	19057
0.089	19354
0.093	19195
0.098	18786
0.102	18856
0.107	19770
0.111	19142
0.116	19336
0.120	17799
0.125	18096
0.129	19096
0.133	18032
0.138	18967
0.142	19671
0.147	18342
0.151	19869
0.156	19177
0.160	18992
0.165	18705
0.169	17152
0.174	18480
0.178	18888
0.183	18093
0.187	18212
0.192	19228
0.196	18660
0.201	18811
0.205	18763
0.210	18851
0.214	18955
0.219	18662
0.223	18675
0.228	19437
0.232	18127
0.237	18316
0.241	18521
0.246	18701
0.250	18810
0.255	18470
0.259	18592
0.263	18550
0.268	19307
0.272	18962
0.277	19296
0.281	18560
0.286	19482
0.290	19128
0.295	19190
0.299	18482
0.304	19042
0.308	19074
0.313	18895
0.317	18605
0.322	18354
0.326	18896
0.331	18699
0.335	19182
0.340	19157
0.344	19722
0.349	19157
0.353	18709
0.358	18415
0.362	18408
0.367	18511
0.371	18711
0.376	19414
0.380	18980
0.385	18946
0.389	19554
0.394	19389
0.398	19249
0.402	19336
0.407	18750
0.411	18920
0.416	18609
0.420	18481
0.425	19505
0.429	18805
0.434	19131
0.438	18672
0.443	19261
0.447	19042
0.452	19074
0.456	18567
0.461	18424
0.465	18710
0.470	19528
0.474	19026
0.479	18685
0.483	18906
0.488	18799
0.492	19030
0.497	18870
0.501	18938
0.506	18347
0.510	19065
0.515	18758
0.519	19204
0.524	18813
0.528	17760
0.533	18838
0.537	18536
0.541	19374
0.546	18157
0.550	18701
0.555	17842
0.559	18296
0.564	18627
0.568	18280
0.573	19078
0.577	19356
0.582	17863
0.586	19138
0.591	19427
0.595	18808
0.600	19073
0.604	18929
0.609	19172
0.613	19212
0.618	19040
0.622	19055
0.627	18906
0.631	17683
0.636	19260
0.640	19134
0.645	18223
0.649	19415
0.654	18549
0.658	18908
0.662	18698
0.667	18298
0.671	18038
0.676	18225
0.680	17969
0.685	18567
0.689	18320
0.694	19063
0.698	18609
0.703	18886
0.707	18685
0.712	18101
0.716	18567
0.721	18124
0.725	18597
0.730	18434
0.734	18562
0.739	18247
0.743	18648
0.748	18084
0.752	18547
0.757	18430
0.761	17933
0.766	18444
0.770	18141
0.775	18794
0.779	18563
0.784	18936
0.788	19127
0.793	19337
0.797	19013
0.801	18127
0.806	18601
0.810	18416
0.815	18407
0.819	18022
0.824	18271
0.828	18714
0.833	18740
0.837	17744
0.842	18387
0.846	18356
0.851	19584
0.855	18843
0.860	19098
0.864	17978
0.869	18210
0.873	18572
0.878	18955
0.882	18707
0.887	18997
0.891	18845
0.896	18848
0.900	18338
0.905	18779
0.909	19510
0.914	19228
0.918	19138
0.923	19035
0.927	19083
0.932	18980
0.936	18508
0.941	18783
0.945	18965
0.949	19469
0.954	19646
0.958	19064
0.963	19244
0.967	19225
0.972	19063
0.976	19182
0.981	18690
0.985	19288
0.990	19825
0.994	18712
0.999	19108
1.003	18821
1.008	18958
1.012	18623
1.017	18630
1.021	17693
1.026	17711
1.030	17870
1.035	17873
1.039	17260
1.044	18740
1.048	18478
1.053	17028
1.057	18580
1.061	18583
1.066	18704
1.070	18310
1.075	18571
1.079	18221
1.084	19050
1.088	19223
1.093	18503
1.097	17631
1.102	17037
1.106	18082
1.111	17900
1.115	18573
1.120	18457
1.124	18602
1.129	18776
1.133	18766
1.138	18141
1.142	18533
1.147	18101
1.151	18375
1.156	18482
1.160	18487
1.165	18800
1.169	18649
1.174	18744
1.178	18553
1.183	18624
1.187	18544
1.192	17143
1.196	17755
1.201	18169
1.205	18637
1.209	18714
1.214	18659
1.218	18797
1.223	18241
1.227	18159
1.232	18892
1.236	17672
1.241	18309
1.245	17926
1.250	18489
1.254	18323
1.259	18663
1.263	18956
1.268	19194
1.272	19047
1.277	18608
1.281	19155
1.286	17079
1.290	18861
1.295	18666
1.299	18573
1.304	18835
1.308	19003
1.313	18941
1.317	18396
1.322	18315
1.326	18688
1.331	18148
1.335	17143
1.340	17780
1.344	18497
1.348	18987
1.353	17863
1.357	18733
1.362	19055
1.366	19074
1.371	18649
1.375	18460
1.380	18380
1.384	18588
1.389	18770
1.393	18328
1.398	18646
1.402	18065
1.407	18027
1.411	18404
1.416	18597
1.420	18524
1.425	18890
1.429	17409
1.434	18726
1.438	18984
1.443	18210
1.447	18425
1.452	17967
1.456	17967
1.461	16699
1.465	18260
1.469	18507
1.474	18159
1.478	18043
1.483	17785
1.487	17729
1.492	17601
1.496	17625
1.501	18012
1.505	18485
1.510	17788
1.514	18342
1.519	18328
1.523	18268
1.528	17238
1.532	17786
1.537	17721
1.541	18285
1.546	18640
1.550	18417
1.555	18535
1.559	18308
1.564	17981
1.568	17039
1.573	19085
1.577	18418
1.582	18361
1.586	17852
1.591	18067
1.595	17875
1.600	18147
1.604	18055
1.608	18350
1.613	18089
1.617	18748
1.622	18462
1.626	17132
1.631	17726
1.635	18875
1.640	18346
1.644	17488
1.649	18712
1.653	18449
1.658	19171
1.662	18834
1.667	18414
1.671	18478
1.676	18430
1.680	17900
1.685	18209
1.689	18520
1.694	18364
1.698	18803
1.703	17506
1.707	18843
1.712	19170
1.716	17998
1.721	19174
1.725	19314
1.730	19039
1.734	17756
1.739	19357
1.743	19436
1.747	19298
1.752	19481
1.756	18924
1.761	18845
1.765	19486
1.770	19094
1.774	19173
1.779	18934
1.783	18618
1.788	18421
1.792	17388
1.797	18106
1.801	18333
1.806	18527
1.810	18802
1.815	18563
1.819	18884
1.824	19141
1.828	18790
1.833	19390
1.837	19290
1.842	18785
1.846	18744
1.851	18674
1.855	18884
1.860	18591
1.864	18731
1.868	18754
1.873	18855
1.877	18945
1.882	18554
1.887	18379
1.891	18242
1.895	18113
1.900	18370
1.904	18034
1.909	18158
1.913	17977
1.918	17642
1.922	18547
1.927	18462
1.931	18234
1.936	17795
1.940	17591
1.945	17565
1.949	17243
1.954	15949
1.958	16320
1.963	17395
1.967	17689
1.972	18055
1.976	16551
1.981	16924
1.985	17250
1.990	17216
1.994	16852
1.999	16490
2.003	16550
2.007	17648
2.012	17371
2.016	17410
2.021	15952
2.025	16419
2.030	17190
2.034	17718
2.039	16793
2.043	18067
2.048	17307
2.052	18493
2.057	18570
2.061	18175
2.066	18824
2.070	18632
2.075	18808
2.079	18508
2.084	17943
2.088	18407
2.093	18099
2.097	18671
2.102	18922
2.106	19451
2.111	17721
2.115	19604
2.120	19467
2.124	18518
2.129	18317
2.133	19058
2.138	18544
2.142	18527
2.147	17794
2.151	16595
2.155	20008
2.160	20512
2.164	20298
2.169	21080
2.173	19963
2.178	20057
2.182	19163
2.187	19723
2.191	18835
2.196	18659
2.200	19273
2.205	19822
2.209	18622
2.214	19397
2.218	18582
2.223	19656
2.227	19197
2.232	19293
2.236	18409
2.241	18230
2.245	18718
2.250	18852
2.254	18122
2.259	18629
2.263	19357
2.268	17643
2.272	18757
2.276	19568
2.281	18752
2.285	18964
2.290	19239
2.294	16828
2.299	18997
2.303	18585
2.308	19240
2.312	19039
2.317	18340
2.321	18783
2.326	19052
2.330	18751
2.335	18566
2.339	18755
2.344	18457
2.348	18348
2.353	18392
2.357	18645
2.362	18808
2.366	18690
2.371	18448
2.375	19027
2.380	19081
2.384	17464
2.389	18224
2.393	19207
2.398	19472
2.402	19438
2.407	19446
2.411	18783
2.415	19338
2.420	19275
2.424	19519
2.429	19154
2.433	18856
2.438	19048
2.442	19098
2.447	18573
2.451	18396
2.456	18897
2.460	17935
2.465	18447
2.469	19114
2.474	19216
2.478	18652
2.483	18256
2.487	18622
2.492	18067
2.496	18071
2.501	17634
2.505	18252
2.510	18409
2.514	18206
2.519	16616
2.523	18033
2.528	18447
2.532	19430
2.537	18496
2.541	18433
2.546	18129
2.550	18491
2.555	18521
2.559	18078
2.563	18564
2.568	18991
2.572	18990
2.577	18208
2.581	18962
2.586	18662
2.590	18718
2.595	19388
2.599	18616
2.604	18582
2.608	17325
2.613	19108
2.617	17482
2.622	18315
2.626	18339
2.631	18877
2.635	19011
2.640	19003
2.644	18374
2.649	19051
2.653	18716
2.658	18993
2.662	18621
2.667	19280
2.671	19105
2.675	19718
2.680	19665
2.684	19422
2.689	19592
2.694	20088
2.698	20002
2.702	19385
2.707	18546
2.711	18846
2.716	17958
2.720	18532
2.725	19068
2.729	19696
2.734	19999
2.738	18546
2.743	19727
2.747	18984
2.752	19604
2.756	19197
2.761	18648
2.765	19153
2.770	18993
2.774	19443
2.779	19320
2.783	18897
2.788	18857
2.792	18776
2.797	19205
2.801	19038
2.806	19269
2.810	19289
2.815	19666
2.819	19583
2.823	19442
2.828	19558
2.832	19047
2.837	19424
2.841	19730
2.846	19326
2.850	19538
2.855	19933
2.859	19398
2.864	19513
2.868	19411
2.873	19444
2.877	18947
2.882	18975
2.886	18514
2.891	18603
2.895	16629
2.900	19039
2.904	19307
2.909	19182
2.913	18895
2.918	18517
2.922	18358
2.927	18398
2.931	17309
2.936	18558
2.940	18502
2.945	18890
2.949	18581
2.954	19224
2.958	17838
2.962	17449
2.967	18098
2.971	17806
2.976	18515
2.980	18649
2.985	18970
2.989	19546
2.994	19553
2.998	19195
3.003	19405
3.007	18521
3.012	19195
3.016	17608
3.021	18041
3.025	19078
3.030	19316
3.034	18762
3.039	18534
3.043	19060
3.048	18181
3.052	18274
3.057	19148
3.061	18813
3.066	18094
3.070	19194
3.075	18757
3.079	19185
3.083	18978
3.088	18427
3.093	18211
3.097	18851
3.101	18180
3.106	18200
3.110	18195
3.115	18054
3.119	17868
3.124	17342
3.128	17131
3.133	16921
3.137	18251
3.142	16919
3.146	18573
3.151	18807
3.155	17456
3.160	17799
3.164	17110
3.169	16524
3.173	15402
3.178	15312
3.182	15005
3.187	14780
3.191	14463
3.196	14127
3.200	13822
3.205	13784
3.209	14087
3.214	14491
3.218	14067
3.222	14283
3.227	14316
3.231	14203
3.236	14388
3.240	14452
3.245	14779
3.249	14398
3.254	14541
3.258	14164
3.263	15035
3.267	14557
3.272	14836
3.276	15186
3.281	15735
3.285	15319
3.290	15629
3.294	15268
3.299	15603
3.303	16180
3.308	15735
3.312	16554
3.317	16641
3.321	16262
3.326	16310
3.330	16006
3.335	16729
3.339	16355
3.344	16958
3.348	16936
3.353	16853
3.357	16738
3.361	16738
3.366	16637
3.370	16911
3.375	16986
3.379	17124
3.384	17426
3.388	17157
3.393	17061
3.397	17512
3.402	17099
3.406	16322
3.411	16761
3.415	16341
3.420	16629
3.424	16611
3.429	17483
3.433	16880
3.438	16921
3.442	17397
3.447	17431
3.451	17603
3.456	18322
3.460	17972
3.465	17540
3.469	18000
3.474	17519
3.478	17237
3.482	17631
3.487	17451
3.491	17208
3.496	17132
3.500	16900
3.505	17488
3.509	17471
3.514	18322
3.518	18259
3.523	16939
3.527	17636
3.532	17319
3.536	17838
3.541	18317
3.545	18816
3.550	18451
3.554	17855
3.559	17012
3.563	17545
3.568	18570
3.572	18161
3.577	18039
3.581	17646
3.586	18230
3.590	18735
3.595	18440
3.599	17675
3.604	17611
3.608	17496
3.613	18275
3.617	18726
3.622	18998
3.626	18478
3.630	18757
3.635	18168
3.639	18500
3.644	18979
3.648	17951
3.653	18727
3.657	18804
3.662	18851
3.666	18609
3.671	18717
3.675	18135
3.680	18458
3.684	18927
3.689	18744
3.693	18847
3.698	19066
3.702	18732
3.707	18871
3.711	19161
3.716	19197
3.720	19334
3.725	18949
3.729	19180
3.734	19285
3.738	19026
3.743	19244
3.747	19007
3.752	19584
3.756	19355
3.761	19548
3.765	19658
3.769	19678
3.774	18225
3.778	19123
3.783	17599
3.787	19264
3.792	18995
3.796	19703
3.801	20005
3.805	19398
3.810	19882
3.814	19838
3.819	19964
3.823	19469
3.828	19583
3.832	19570
3.837	19690
3.841	19319
3.846	19828
3.850	19485
3.855	19596
3.859	19929
3.864	19880
3.868	20064
3.873	19216
3.877	19656
3.882	19215
3.886	19004
3.890	18939
3.895	18955
3.900	19137
3.904	19165
3.908	17329
3.913	18833
3.917	19298
3.922	18739
3.926	18697
3.931	18602
3.935	18787
3.940	18758
3.944	17533
3.949	18753
3.953	19068
3.958	19105
3.962	19278
3.967	18806
3.971	18680
3.976	18611
3.980	17449
3.985	18414
3.989	18566
3.994	18434
3.998	18092
4.003	18458
4.007	18843
4.012	17989
4.016	18551
4.021	17884
4.025	18306
4.029	16960
4.034	17844
4.038	18060
4.043	18311
4.047	17815
4.052	18147
4.056	18359
4.061	17346
4.065	17414
4.070	18718
4.074	18404
4.079	17786
4.083	17438
4.088	18166
4.092	18278
4.097	17740
4.101	18256
4.106	18631
4.110	18478
4.115	18175
4.119	18517
4.124	18271
4.128	18520
4.133	18479
4.137	18613
4.142	18582
4.146	17322
4.151	18795
4.155	18733
4.160	18741
4.164	18801
4.168	19181
4.173	18584
4.177	18667
4.182	18070
4.186	18633
4.191	18665
4.195	18801
4.200	18696
4.204	18427
4.209	18782
4.213	18491
4.218	18692
4.222	18469
4.227	18769
4.231	18585
4.236	18515
4.240	18404
4.245	18573
4.249	18313
4.254	17536
4.258	18487
4.263	18358
4.267	18512
4.272	18557
4.276	18566
4.281	18615
4.285	18555
4.289	18441
4.294	18280
4.299	18553
4.303	18469
4.307	17242
4.312	18675
4.316	18685
4.321	18530
4.325	18464
4.330	18445
4.334	18138
4.339	18092
4.343	18389
4.348	18360
4.352	18571
4.357	18709
4.361	18014
4.366	18496
4.370	18574
4.375	18011
4.379	18134
4.384	17859
4.388	18137
4.393	17135
4.397	17979
4.402	17578
4.406	18400
4.411	18197
4.415	18160
4.420	18080
4.424	18068
4.429	18295
4.433	18369
4.437	18502
4.442	18628
4.446	18637
4.451	19253
4.455	18095
4.460	17793
4.464	17658
4.469	17910
4.473	17451
4.478	18093
4.482	18158
4.487	18709
4.491	18356
4.496	18343
4.500	18413
4.505	17855
4.509	18027
4.514	18254
4.518	18532
4.523	18409
4.527	18710
4.532	18564
4.536	18344
4.541	19429
4.545	18250
4.550	17815
4.554	18386
4.559	18031
4.563	18042
4.568	17782
4.572	18865
4.576	18601
4.581	19119
4.585	18930
4.590	18821
4.594	18850
4.599	18053
4.603	18037
4.608	18644
4.612	16788
4.617	18519
4.621	18038
4.626	18327
4.630	18517
4.635	18355
4.639	18493
4.644	18610
4.648	19113
4.653	18218
4.657	18719
4.662	19047
4.666	17908
4.671	17772
4.675	18948
4.680	18629
4.684	17120
4.688	17427
4.693	17984
4.697	18379
4.702	18681
4.707	18969
4.711	18592
4.715	19492
4.720	18901
4.724	18250
4.729	19054
4.733	18097
4.738	18716
4.742	19715
4.747	19007
4.751	18678
4.756	18167
4.760	18435
4.765	19373
4.769	18971
4.774	19275
4.778	19284
4.783	19430
4.787	18992
4.792	19730
4.796	19625
4.801	19584
4.805	19280
4.810	19538
4.814	19849
4.819	19875
4.823	19615
4.828	19793
4.832	20210
4.836	20562
4.841	21870
4.845	20704
4.850	20742
4.854	21038
4.859	21359
4.863	21560
4.868	21623
4.872	21298
4.877	21792
4.881	22245
4.886	23628
4.890	22108
4.895	22978
4.899	23084
4.904	22809
4.908	22997
4.913	23264
4.917	24864
4.922	23977
4.926	25010
4.931	24598
4.935	24316
4.940	24355
4.944	25223
4.949	25532
4.953	25260
4.958	25544
4.962	25703
4.967	25448
4.971	25163
4.975	25534
4.980	25808
4.984	26427
4.989	26176
4.993	27178
4.998	26776
5.002	26999
5.007	26845
5.011	25208
5.016	26776
5.020	26270
5.025	26039
5.029	26999
5.034	27277
5.038	26755
5.043	27142
5.047	26643
5.052	27073
5.056	26573
5.061	26632
5.065	26421
5.070	25784
5.074	26414
5.079	25767
5.083	26283
5.088	26039
5.092	26277
5.096	24272
5.101	26456
5.106	25832
5.110	25811
5.115	25371
5.119	25387
5.123	24738
5.128	24331
5.132	24066
5.137	22612
5.141	23799
5.146	23570
5.150	23253
5.155	23245
5.159	23370
5.164	22761
5.168	23940
5.173	23508
5.177	22854
5.182	22904
5.186	22901
5.191	21936
5.195	21851
5.200	22113
5.204	22380
5.209	22345
5.213	21988
5.218	21600
5.222	19932
5.227	22413
5.231	22159
5.235	21749
5.240	20931
5.244	20767
5.249	20813
5.253	20841
5.258	20384
5.262	20232
5.267	20214
5.271	20409
5.276	20483
5.280	19339
5.285	19537
5.289	19152
5.294	19067
5.298	18906
5.303	18577
5.307	19139
5.312	18665
5.316	19448
5.321	19236
5.325	19425
5.330	19231
5.334	18907
5.339	18705
5.343	18935
5.348	17786
5.352	18993
5.357	18868
5.361	19043
5.366	19692
5.370	18867
5.374	19118
5.379	18821
5.383	18633
5.388	17052
5.392	18780
5.397	18210
5.401	18041
5.406	19070
5.410	18679
5.415	18306
5.419	17098
5.424	17913
5.428	18242
5.433	18436
5.437	19294
5.442	17177
5.446	18330
5.451	18683
5.455	18796
5.460	19593
5.464	19152
5.469	18754
5.473	18564
5.478	16633
5.482	18129
5.487	17824
5.491	18397
5.496	18311
5.500	18283
5.505	18100
5.509	17253
5.514	18454
5.518	19161
5.522	18646
5.527	17679
5.531	18288
5.536	17992
5.540	17510
5.545	18096
5.549	18404
5.554	18896
5.558	18156
5.563	17641
5.567	17757
5.572	17932
5.576	18790
5.581	18453
5.585	17781
5.590	18185
5.594	17556
5.599	17903
5.603	17868
5.608	17663
5.612	17756
5.617	17571
5.621	17811
5.626	18449
5.630	18488
5.635	17726
5.639	18144
5.643	18046
5.648	18996
5.652	17972
5.657	18111
5.661	17932
5.666	17926
5.670	17429
5.675	18431
5.679	17693
5.684	17650
5.688	17686
5.693	18008
5.697	17840
5.702	18129
5.706	18116
5.711	18278
5.715	16951
5.720	18396
5.724	18292
5.729	18768
5.733	18647
5.738	18430
5.742	16405
5.747	17613
5.751	18463
5.756	18162
5.760	17820
5.765	18324
5.769	17991
5.774	18429
5.778	17721
5.782	17922
5.787	17716
5.791	18093
5.796	18166
5.800	18382
5.805	18421
5.809	18196
5.814	17817
5.818	17352
5.823	17739
5.827	17605
5.832	18103
5.836	18017
5.841	17176
5.845	16666
5.850	18239
5.854	18065
5.859	18210
5.863	18231
5.868	18357
5.872	18085
5.877	18228
5.881	18148
5.886	17904
5.890	18101
5.895	18127
5.899	19064
5.904	18429
5.908	17976
5.913	18105
5.917	18320
5.922	18194
5.926	17730
5.930	18241
5.935	17979
5.939	18083
5.944	17803
5.948	18060
5.953	17681
5.957	17520
5.962	17189
5.966	18764
5.971	18099
5.975	17684
5.980	17638
5.984	17452
5.989	17842
5.993	17044
5.998	17325
6.002	17636
6.007	17164
6.011	18180
6.016	18823
6.020	18014
6.025	18086
6.029	16987
6.034	18120
6.038	17963
6.042	17753
6.047	17780
6.051	17772
6.056	18335
6.060	18034
6.065	18093
6.069	17808
6.074	18141
6.078	17842
6.083	17909
6.087	18240
6.092	17961
6.096	17610
6.101	17452
6.105	17756
6.110	17817
6.114	17404
6.119	17843
6.123	18142
6.128	18065
6.132	18281
6.137	17449
6.141	18415
6.146	17985
6.150	17788
6.155	17899
6.159	17818
6.164	18345
6.168	17818
6.173	16672
6.177	17780
6.181	17910
6.186	17712
6.190	18152
6.195	18390
6.199	18619
6.204	17910
6.208	17642
6.213	17177
6.217	17454
6.222	18423
6.226	18343
6.231	18010
6.235	18816
6.240	17602
6.244	18036
6.249	17959
6.253	17980
6.258	17819
6.262	17695
6.267	18115
6.271	18381
6.276	18240
6.280	17808
6.285	18091
6.289	18253
6.294	17447
6.298	17927
6.302	17564
6.307	17379
6.312	17088
6.316	17911
6.321	18190
6.325	18745
6.329	18217
6.334	18235
6.338	18018
6.343	18123
6.347	18193
6.352	17827
6.356	18240
6.361	18065
6.365	17307
6.370	17999
6.374	18225
6.379	16751
6.383	17996
6.388	18008
6.392	17731
6.397	17817
6.401	17658
6.406	17744
6.410	17377
6.415	17946
6.419	17995
6.424	18457
6.428	18028
6.433	18129
6.437	18631
6.442	18052
6.446	18545
6.450	18087
6.455	17912
6.459	17801
6.464	18674
6.468	17853
6.473	18552
6.477	17931
6.482	18333
6.486	18298
6.491	18060
6.495	17947
6.500	17781
6.504	18037
6.509	17383
6.513	17759
6.518	18455
6.522	17886
6.527	17855
6.531	18304
6.536	17922
6.540	18399
6.545	18769
6.549	18303
6.554	18652
6.558	18123
6.563	18080
6.567	18467
6.572	17794
6.576	17542
6.581	18260
6.585	18426
6.589	18159
6.594	17893
6.598	18622
6.603	17092
6.607	19175
6.612	18600
6.616	19038
6.621	18869
6.625	17622
6.630	17587
6.634	17966
6.639	17317
6.643	17637
6.648	16879
6.652	17718
6.657	19032
6.661	17873
6.666	17721
6.670	18354
6.675	18797
6.679	18323
6.684	17759
6.688	17868
6.693	18159
6.697	18979
6.702	18046
6.706	17992
6.711	17775
6.715	17090
6.720	17960
6.724	17540
6.728	17681
6.733	17595
6.737	17455
6.742	17659
6.746	17864
6.751	18373
6.755	18437
6.760	17657
6.764	17939
6.769	18208
6.773	18252
6.778	18440
6.782	18262
6.787	18441
6.791	17862
6.796	18040
6.800	18086
6.805	18258
6.809	17932
6.814	18155
6.818	18097
6.823	18039
6.827	18082
6.832	18284
6.836	18130
6.841	18613
6.845	19158
6.849	18370
6.854	18728
6.858	17861
6.863	17763
6.867	17511
6.872	19039
6.876	18324
6.881	19334
6.885	18706
6.890	19083
6.894	18408
6.899	18601
6.903	18083
6.908	18295
6.912	17837
6.917	17840
6.921	18487
6.926	17787
6.930	18195
6.935	18525
6.939	17172
6.944	17321
6.948	17468
6.953	17557
6.957	17754
6.962	17450
6.966	17929
6.971	18153
6.975	18289
6.980	18706
6.984	17875
6.989	18118
6.993	17701
6.997	17955
7.002	18501
7.006	18500
7.011	18895
7.015	18968
7.020	18940
7.024	19125
7.029	18924
7.033	16700
7.038	18679
7.042	18277
7.047	18192
7.051	18601
7.056	18595
7.060	18202
7.065	18424
7.069	18430
7.074	17526
7.078	18052
7.083	17951
7.087	18540
7.092	16263
7.096	18719
7.101	18475
7.105	18575
7.110	18263
7.114	18307
7.119	17402
7.123	17561
7.128	17790
7.132	18022
7.136	18222
7.141	18400
7.145	18572
7.150	18601
7.154	18409
7.159	18342
7.163	18791
7.168	18510
7.172	18225
7.177	18335
7.181	17712
7.186	17929
7.190	17724
7.195	18051
7.199	18109
7.204	18573
7.208	18355
7.213	18867
7.217	18520
7.222	18335
7.226	18181
7.231	18390
7.235	18389
7.240	18590
7.244	18178
7.248	17684
7.253	18436
7.257	17859
7.262	18444
7.266	17794
7.271	17530
7.275	18134
7.280	18084
7.284	16850
7.289	17822
7.293	17889
7.298	18005
7.302	17823
7.307	17466
7.311	17844
7.316	17321
7.320	17598
7.325	17894
7.329	16614
7.334	18145
7.338	18071
7.343	17794
7.347	17334
7.352	18145
7.356	18330
7.361	18201
7.365	17786
7.370	17879
7.374	17918
7.379	17685
7.383	17755
7.388	18037
7.392	18022
7.396	17644
7.401	17767
7.405	17702
7.410	17642
7.414	17730
7.419	17456
7.423	17409
7.428	17802
7.432	17437
7.437	18228
7.441	17571
7.446	17845
7.450	18650
7.455	18884
7.459	17681
7.464	16988
7.468	17833
7.473	18016
7.477	17668
7.482	17131
7.486	18040
7.491	18033
7.495	17439
7.500	18881
7.504	19073
7.509	18031
7.513	17596
7.518	17744
7.522	17624
7.527	16592
7.531	17970
7.535	18721
7.540	17588
7.544	17718
7.549	17998
7.553	17475
7.558	18128
7.562	17766
7.567	17788
7.571	16356
7.576	18085
7.580	18102
7.585	18003
7.589	18504
7.594	18156
7.598	17625
7.603	17766
7.607	18113
7.612	18510
7.616	18148
7.621	18099
7.625	18222
7.630	18660
7.634	18318
7.639	18803
7.643	18700
7.648	18824
7.652	18023
7.656	18578
7.661	18054
7.665	18206
7.670	18394
7.674	17744
7.679	18313
7.683	18259
7.688	17907
7.692	18781
7.697	18607
7.701	18234
7.706	17356
7.710	18138
7.715	16636
7.719	18086
7.724	17809
7.728	18374
7.733	18040
7.737	18123
7.742	18077
7.746	18298
7.751	18282
7.755	18195
7.760	18642
7.764	18270
7.769	17354
7.773	18336
7.778	18002
7.782	18185
7.787	17949
7.791	17619
7.795	18016
7.800	18232
7.804	17797
7.809	18134
7.813	18600
7.818	18065
7.822	17665
7.827	17764
7.831	16878
7.836	17834
7.840	18191
7.845	18206
7.849	18434
7.854	18534
7.858	17773
7.863	17839
7.867	17809
7.872	18101
7.876	18030
7.881	18205
7.885	18441
7.890	17837
7.894	18187
7.899	17800
7.903	17850
7.908	18148
7.912	17635
7.917	17997
7.921	18519
7.926	18417
7.930	19064
7.935	18125
7.939	17670
7.943	18261
7.948	17292
7.952	17940
7.957	17859
7.961	17921
7.966	17344
7.970	17486
7.975	17783
7.979	16637
7.984	17044
7.988	18164
7.993	18142
7.997	18216
8.002	18003
8.006	18151
8.011	16703
8.015	18053
8.020	19005
8.024	18361
8.029	18052
8.033	17512
8.038	17791
8.042	17737
8.047	17816
8.051	17781
8.056	17403
8.060	16360
8.064	17289
8.069	17373
8.073	17345
8.078	17223
8.082	16558
8.087	16842
8.091	17024
8.096	16678
8.100	16652
8.105	16682
8.109	16418
8.114	16847
8.118	16116
8.123	16345
8.127	15992
8.132	15882
8.136	16454
8.141	16123
8.145	16564
8.150	15486
8.154	16148
8.159	16600
8.163	15923
8.168	15141
8.172	15467
8.177	15620
8.181	16235
8.186	15646
8.190	16242
8.195	15521
8.199	15409
8.203	15275
8.208	14920
8.212	15409
8.217	15984
8.221	15249
8.226	14942
8.230	14385
8.235	14555
8.239	14952
8.244	15162
8.248	15204
8.253	15450
8.257	14555
8.262	14666
8.266	14597
8.271	14932
8.275	15066
8.280	14879
8.284	14888
8.289	14636
8.293	14953
8.298	14627
8.302	15343
8.307	14495
8.311	14890
8.316	15184
8.320	15098
8.325	14765
8.329	15708
8.334	15105
8.338	14818
8.342	15471
8.347	14766
8.351	15173
8.356	14866
8.360	15407
8.365	14888
8.369	15002
8.374	15114
8.378	14840
8.383	14393
8.387	14540
8.392	14719
8.396	14516
8.401	14713
8.405	14627
8.410	15132
8.414	14354
8.419	15128
8.423	15444
8.428	15330
8.432	15274
8.437	14972
8.441	15078
8.446	15181
8.450	15522
8.455	15541
8.459	15207
8.463	15549
8.468	15364
8.472	14993
8.477	15221
8.481	15128
8.486	15388
8.490	15150
8.495	15525
8.499	14521
8.504	15209
8.508	14825
8.513	14644
8.517	14360
8.522	14350
8.526	14793
8.531	14338
8.535	14631
8.540	14768
8.544	14839
8.549	14714
8.553	14581
8.558	14528
8.562	14465
8.567	14200
8.571	13980
8.576	14569
8.580	14470
8.585	14680
8.589	13814
8.594	14213
8.598	14323
8.602	14653
8.607	14435
8.611	14506
8.616	14902
8.620	14783
8.625	14779
8.629	14601
8.634	14330
8.638	14564
8.643	14665
8.647	14595
8.652	15088
8.656	14686
8.661	14334
8.665	13763
8.670	14209
8.674	14581
8.679	14421
8.683	14353
8.688	14213
8.692	14547
8.697	14390
8.701	14111
8.706	14690
8.710	14602
8.715	14516
8.719	15087
8.724	14812
8.728	14400
8.733	14448
8.737	15048
8.741	14535
8.746	14297
8.750	14447
8.755	14970
8.759	14994
8.764	14565
8.768	14913
8.773	14681
8.777	15114
8.782	14999
8.786	14813
8.791	14826
8.795	14881
8.800	14541
8.804	14121
8.809	14778
8.813	14451
8.818	14406
8.822	14477
8.827	14068
8.831	14179
8.836	14416
8.840	14252
8.845	14677
8.849	14255
8.854	14457
8.858	14661
8.863	14854
8.867	14657
8.871	14535
8.876	14722
8.880	14453
8.885	14367
8.889	14318
8.894	14336
8.898	14813
8.903	14404
8.907	14307
8.912	14389
8.916	14380
8.921	14154
8.925	14441
8.930	14074
8.934	14442
8.939	14379
8.943	14433
8.948	14453
8.952	14850
8.957	14350
8.961	14395
8.966	14133
8.970	14489
8.975	14778
8.979	14217
8.984	14534
8.988	14287
8.993	14484
8.997	13925
9.002	14079
9.006	14416
9.010	14407
9.015	14224
9.019	14000
9.024	14417
9.028	14405
9.033	14437
9.037	14415
9.042	14837
9.046	14955
9.051	15035
9.055	15308
9.060	15056
9.064	15666
9.069	15793
9.073	15550
9.078	14995
9.082	14730
9.087	14741
9.091	15193
9.096	15675
9.100	15246
9.105	15118
9.109	15188
9.114	14491
9.118	14494
9.123	15121
9.127	15003
9.132	14884
9.136	14948
9.141	14713
9.145	14667
9.149	14724
9.154	14668
9.158	14760
9.163	14305
9.167	14870
9.172	13895
9.176	14709
9.181	14449
9.185	14389
9.190	14168
9.194	13884
9.199	13358
9.203	13091
9.208	11586
9.212	10138
9.217	13980
9.221	7689
9.226	8359
9.230	14118
9.235	5839
9.239	11857
9.244	14228
9.248	4445
9.253	4358
9.257	8245
9.262	14444
9.266	15554
9.270	15275
9.275	14956
9.279	15026
9.284	15293
9.288	15463
9.293	15234
9.297	14902
9.302	16173
9.306	15280
9.311	15422
9.315	15019
9.320	14553
9.324	14703
9.329	14686
9.333	14630
9.338	15216
9.342	15299
9.347	14985
9.351	15492
9.356	14717
9.360	15421
9.365	15138
9.369	14923
9.374	15061
9.378	14551
9.383	14919
9.387	14540
9.392	14876
9.396	14516
9.401	14900
9.405	14565
9.409	15099
9.414	15321
9.418	15248
9.423	15185
9.427	15155
9.432	15166
9.436	15126
9.441	15483
9.445	15214
9.450	15344
9.454	15002
9.459	15021
9.463	15148
9.468	14566
9.472	14834
9.477	14438
9.481	14601
9.486	14601
9.490	14817
9.495	14644
9.499	14958
9.504	15183
9.508	14922
9.513	12186
9.517	14808
9.522	14806
9.526	15215
9.531	14712
9.535	14676
9.540	14281
9.544	13947
9.549	14555
9.553	14101
9.557	14386
9.562	14266
9.566	15025
9.571	15297
9.575	15105
9.580	15003
9.584	14918
9.589	14717
9.593	14781
9.598	14489
9.602	14351
9.607	14905
9.611	14743
9.616	14667
9.620	14932
9.625	14572
9.629	14835
9.634	14752
9.638	13035
9.643	14328
9.647	15353
9.652	15556
9.656	15186
9.661	14649
9.665	14495
9.670	14524
9.674	14456
9.678	14468
9.683	14673
9.687	14322
9.692	14258
9.696	14672
9.701	14976
9.705	14729
9.710	15225
9.714	14956
9.719	15163
9.723	15381
9.728	15490
9.732	15588
9.737	15652
9.741	15322
9.746	14901
9.750	15008
9.755	14351
9.759	14253
9.764	14201
9.768	14765
9.773	14442
9.777	13967
9.782	13747
9.786	14071
9.791	14331
9.795	14781
9.800	14784
9.804	14540
9.809	14643
9.813	14623
9.817	14612
9.822	14600
9.826	13679
9.831	14556
9.835	14705
9.840	14637
9.844	14892
9.849	14884
9.853	14962
9.858	14703
9.862	14561
9.867	14720
9.871	14535
9.876	14433
9.880	14691
9.885	14570
9.889	14710
9.894	13955
9.898	14434
9.903	13926
9.907	14175
9.912	14141
9.916	14089
9.921	14344
9.925	13949
9.930	13983
9.934	14355
9.939	14817
9.943	15052
9.948	14120
9.952	14296
9.956	14528
9.961	13416
9.965	14124
9.970	14205
9.974	13821
9.979	14159
9.983	13910
9.988	14605
9.992	15196
9.997	14608
10.001	15040
10.006	14694
10.010	14673
10.015	14203
10.019	14311
10.024	14654
10.028	14754
10.033	15163
10.037	14828
10.042	14549
10.046	14932
10.051	15008
10.055	14550
10.060	15137
10.064	14596
10.069	14749
10.073	14876
10.077	15005
10.082	15155
10.086	15099
10.091	15108
10.095	14824
10.100	14770
10.104	14236
10.109	14589
10.113	14584
10.118	14512
10.122	14776
10.127	15092
10.131	14681
10.136	14745
10.140	15122
10.145	15051
10.149	15445
10.154	15218
10.158	14969
10.163	14942
10.167	15012
10.172	15264
10.176	15331
10.181	15822
10.185	15634
10.190	15788
10.194	15695
10.199	15341
10.203	15514
10.208	15985
10.212	16164
10.216	16304
10.221	16077
10.225	16072
10.230	16089
10.234	15767
10.239	16295
10.243	15135
10.248	16867
10.252	16641
10.257	16537
10.261	16673
10.266	17342
10.270	17156
10.275	17239
10.279	17549
10.284	17336
10.288	17406
10.293	17139
10.297	16486
10.302	17185
10.306	17481
10.311	16647
10.315	16465
10.320	17073
10.324	16981
10.329	16293
10.333	17014
10.338	17820
10.342	16280
10.347	16695
10.351	16898
10.356	16882
10.360	17528
10.364	18126
10.369	17030
10.373	18312
10.378	17459
10.382	17097
10.387	17912
10.391	18566
10.396	18882
10.400	18825
10.405	18409
10.409	19475
10.414	20190
10.418	19439
10.423	19549
10.427	19968
10.432	19792
10.436	20460
10.441	20415
10.445	19690
10.450	20495
10.454	20916
10.459	20627
10.463	20464
10.468	20871
10.472	20662
10.476	20649
10.481	20845
10.485	20621
10.490	20810
10.494	21265
10.499	21028
10.503	21463
10.508	22917
10.512	22837
10.517	21443
10.521	22014
10.526	21839
10.530	22545
10.535	22550
10.539	22651
10.544	22294
10.548	22998
10.553	22049
10.557	22934
10.562	22995
10.566	21943
10.571	21918
10.575	23329
10.580	23609
10.584	23389
10.589	21037
10.593	22651
10.598	23613
10.602	22519
10.607	22601
10.611	22268
10.616	22881
10.620	22559
10.624	23721
10.629	22534
10.633	22118
10.638	21255
10.642	22002
10.647	22542
10.651	21952
10.656	22095
10.660	22985
10.665	22770
10.669	22282
10.674	21473
10.678	23823
10.683	21059
10.687	23129
10.692	21740
10.696	22152
10.701	20995
10.705	21635
10.710	21520
10.714	20679
10.719	20702
10.723	20497
10.728	19657
10.732	20359
10.737	20280
10.741	20953
10.746	20918
10.750	20901
10.755	20341
10.759	19605
10.763	21065
10.768	20176
10.772	21000
10.777	19811
10.781	20205
10.786	21052
10.790	18962
10.795	20390
10.799	20381
10.804	20143
10.808	20220
10.813	19998
10.817	19935
10.822	19869
10.826	19357
10.831	19123
10.835	18482
10.840	17982
10.844	17696
10.849	17589
10.853	18021
10.858	17953
10.862	18201
10.867	16863
10.871	17462
10.876	17152
10.880	18555
10.884	17859
10.889	18143
10.893	16253
10.898	17415
10.902	17371
10.907	17725
10.911	17512
10.916	17623
10.920	17001
10.925	17159
10.929	17728
10.934	17187
10.938	16470
10.943	16457
10.947	17477
10.952	18338
10.956	17846
10.961	17710
10.965	18591
10.970	18091
10.974	18059
10.979	18039
10.983	18162
10.988	18120
10.992	18024
10.997	18668
11.001	18518
11.006	19588
11.010	19451
11.015	19242
11.019	18743
11.023	18960
11.028	18877
11.032	19389
11.037	19083
11.041	18635
11.046	19469
11.050	18337
11.055	18769
11.059	19096
11.064	19874
11.068	19413
11.073	19948
11.077	19319
11.082	18711
11.086	19493
11.091	19119
11.095	18409
11.100	18185
11.104	18252
11.109	17403
11.113	18324
11.118	18995
11.122	18599
11.127	17330
11.131	18346
11.136	17031
11.140	18456
11.145	18158
11.149	18598
11.154	18317
11.158	18198
11.163	18090
11.167	18171
11.171	18111
11.176	19196
11.180	19645
11.185	18165
11.189	19160
11.194	18281
11.198	17544
11.203	18138
11.207	18339
11.212	18570
11.216	18098
11.221	18254
11.225	17713
11.230	18524
11.234	17939
11.239	19136
11.243	18054
11.248	18590
11.252	18854
11.257	17746
11.261	18264
11.266	17670
11.270	18569
11.275	18543
11.279	17310
11.283	18336
11.288	17850
11.292	17782
11.297	18886
11.302	18440
11.306	18543
11.310	19420
11.315	19671
11.319	17922
11.324	17986
11.328	17383
11.333	19137
11.337	17327
11.342	17204
11.346	18432
11.351	18810
11.355	18202
11.360	17823
11.364	17986
11.369	18452
11.373	19037
11.378	18126
11.382	18380
11.387	18350
11.391	17897
11.396	18880
11.400	17806
11.405	17994
11.409	17958
11.414	18369
11.418	17877
11.422	18094
11.427	18165
11.431	17494
11.436	18127
11.440	18124
11.445	18784
11.449	18363
11.454	17881
11.458	18317
11.463	17758
11.467	18199
11.472	17709
11.476	19075
11.481	18255
11.485	18052
11.490	18220
11.494	18616
11.499	17436
11.503	18826
11.508	18674
11.512	17889
11.517	17345
11.521	18167
11.526	17429
11.530	18608
11.535	18241
11.539	18459
11.544	18033
11.548	18223
11.553	18804
11.557	18183
11.562	18773
11.566	18149
11.570	18752
11.575	17913
11.579	18565
11.584	18300
11.588	18144
11.593	18104
11.597	17956
11.602	18409
11.606	18335
11.611	18596
11.615	18178
11.620	17748
11.624	18504
11.629	19093
11.633	18782
11.638	19106
11.642	18770
11.647	18734
11.651	19202
11.656	18818
11.660	18569
11.665	17795
11.669	18012
11.674	18247
11.678	19172
11.683	18961
11.687	18573
11.691	17434
11.696	17741
11.700	18367
11.705	17657
11.709	17840
11.714	19259
11.718	19378
11.723	18960
11.727	18812
11.732	18861
11.736	18522
11.741	19023
11.745	19025
11.750	18056
11.754	18566
11.759	17708
11.763	18957
11.768	17713
11.772	18490
11.777	18641
11.781	19344
11.786	18729
11.790	18227
11.795	18917
11.799	18966
11.804	17758
11.808	17963
11.813	18886
11.817	17801
11.822	18066
11.826	17037
11.830	17167
11.835	17298
11.839	16901
11.844	18043
11.848	17912
11.853	18186
11.857	18434
11.862	18423
11.866	18569
11.871	17876
11.875	18529
11.880	18605
11.884	18364
11.889	18617
11.893	18173
11.898	17340
11.902	17574
11.907	18995
11.911	18832
11.916	18237
11.920	17953
11.925	18416
11.929	18140
11.934	17873
11.938	18172
11.943	17554
11.947	18196
11.952	17637
11.956	16982
11.961	18028
11.965	17719
11.969	17640
11.974	18073
11.978	17914
11.983	18451
11.987	18186
11.992	17050
11.996	17544
12.001	17826
12.005	17748
12.010	17953
12.014	17933
12.019	16882
12.023	17783
12.028	17474
12.032	17756
12.037	17386
12.041	16958
12.046	17111
12.050	17264
12.055	17165
12.059	17148
12.064	16830
12.068	17464
12.073	17709
12.077	16425
12.082	17423
12.086	16884
12.090	15840
12.095	17134
12.099	16102
12.104	16502
12.108	16579
12.113	16700
12.117	16863
12.122	16059
12.126	16368
12.131	16026
12.135	16317
12.140	16302
12.144	17581
12.149	16546
12.153	17267
12.158	17084
12.162	17088
12.167	17159
12.171	16828
12.176	16267
12.180	17655
12.185	16748
12.189	16474
12.194	16226
12.198	16369
12.203	16403
12.207	16868
12.212	15724
12.216	16093
12.221	16400
12.225	17276
12.229	15961
12.234	16636
12.238	15560
12.243	16566
12.247	17474
12.252	17318
12.256	16867
12.261	16771
12.265	16840
12.270	16881
12.274	16770
12.279	15591
12.283	15366
12.288	15653
12.292	16779
12.297	15919
12.301	16707
12.306	17452
12.310	15572
12.315	16371
12.319	16969
12.324	16531
12.328	16717
12.333	18402
12.337	17066
12.342	16564
12.346	16862
12.351	16931
12.355	17376
12.360	18834
12.364	17372
12.369	16650
12.373	16611
12.377	16489
12.382	16938
12.386	17606
12.391	16721
12.395	16054
12.400	16966
12.404	16322
12.409	17219
12.413	16910
12.418	17739
12.422	17180
12.427	18234
12.431	16866
12.436	16696
12.440	17646
12.445	17750
12.449	17505
12.454	18354
12.458	17175
12.463	17290
12.467	17477
12.472	16994
12.476	17456
12.481	18087
12.485	18036
12.490	17257
12.494	17330
12.498	17312
12.503	16904
12.508	16615
12.512	17640
12.516	18310
12.521	16561
12.525	16844
12.530	17384
12.534	18324
12.539	17758
12.543	17965
12.548	17947
12.552	18228
12.557	18170
12.561	17890
12.566	18306
12.570	18322
12.575	18128
12.579	18404
12.584	18205
12.588	16979
12.593	16221
12.597	18020
12.602	18394
12.606	17992
12.611	17796
12.615	18124
12.620	16345
12.624	16843
12.629	17536
12.633	18333
12.637	17960
12.642	17700
12.646	17470
12.651	17347
12.655	19049
12.660	19415
12.664	17968
12.669	17913
12.673	18063
12.678	19320
12.682	18149
12.687	18697
12.691	18679
12.696	17996
12.700	17278
12.705	17283
12.709	17199
12.714	16591
12.718	17722
12.723	18212
12.727	17202
12.732	17286
12.736	17194
12.741	17244
12.745	17978
12.750	18151
12.754	18023
12.759	17216
12.763	18412
12.768	17819
12.772	17592
12.776	18857
12.781	17156
12.785	17423
12.790	17162
12.794	17235
12.799	16943
12.803	18534
12.808	16598
12.812	16893
12.817	16475
12.821	15888
12.826	16768
12.830	16300
12.835	16595
12.839	16958
12.844	17288
12.848	17032
12.853	16890
12.857	16940
12.862	17261
12.866	15945
12.871	16556
12.875	16892
12.880	17088
12.884	17165
12.889	17208
12.893	17477
12.897	17397
12.902	17691
12.906	17151
12.911	17097
12.915	18583
12.920	18860
12.924	19227
12.929	19463
12.933	17619
12.938	17048
12.942	16922
12.947	16653
12.951	17114
12.956	16934
12.960	16671
12.965	16589
12.969	17521
12.974	18874
12.978	16811
12.983	18597
12.987	16879
12.992	18013
12.996	17432
13.001	17165
13.005	16756
13.010	17950
13.014	16665
13.019	18197
13.023	17452
13.028	17758
13.032	16156
13.036	18509
13.041	19921
13.045	17642
13.050	17411
13.054	17035
13.059	17433
13.063	17655
13.068	16424
13.072	16443
13.077	17413
13.081	19485
13.086	16235
13.090	17798
13.095	18001
13.099	17610
13.104	17598
13.108	17783
13.113	17198
13.117	17796
13.122	17469
13.126	17280
13.131	17885
13.135	17700
13.140	17852
13.144	15800
13.149	17310
13.153	17539
13.158	17202
13.162	16811
13.167	16786
13.171	15461
13.176	17033
13.180	17088
13.184	16804
13.189	16047
13.193	17430
13.198	17415
13.202	17737
13.207	17353
13.211	17818
13.216	17702
13.220	17463
13.225	17520
13.229	17316
13.234	17236
13.238	17561
13.243	18613
13.247	18653
13.252	21537
13.256	21979
13.261	23563
13.265	21847
13.270	20513
13.274	19961
13.279	18725
13.283	18572
13.288	17508
13.292	16390
13.297	17624
13.301	17979
13.305	18825
13.310	17448
13.315	19145
13.319	17411
13.323	18508
13.328	18845
13.332	16205
13.337	14882
13.341	15622
13.346	17074
13.350	17535
13.355	17079
13.359	16582
13.364	20225
13.368	18172
13.373	17851
13.377	18251
13.382	15985
13.386	17226
13.391	17184
13.395	16147
13.400	17859
13.404	17799
13.409	17944
13.413	17866
13.418	17239
13.422	16749
13.427	17423
13.431	18922
13.436	16162
13.440	20265
13.444	19237
13.449	17487
13.453	17448
13.458	17560
13.462	17800
13.467	19151
13.471	16981
13.476	16668
13.480	18209
13.485	17572
13.489	17441
13.494	17081
13.498	15820
13.503	17248
13.507	17482
13.512	16278
13.516	15569
13.521	16965
13.525	16950
13.530	16787
13.534	17394
13.539	16610
13.543	16749
13.548	15597
13.552	16190
13.557	14938
13.561	16101
13.566	16822
13.570	17374
13.575	18640
13.579	18684
13.583	18548
13.588	16774
13.592	17290
13.597	16080
13.601	16865
13.606	17370
13.610	17800
13.615	16491
13.619	16239
13.624	16412
13.628	16843
13.633	16812
13.637	18010
13.642	17451
13.646	16556
13.651	17763
13.655	17324
13.660	17590
13.664	16612
13.669	17875
13.673	18164
13.678	16843
13.682	16659
13.687	18657
13.691	17404
13.696	17895
13.700	18576
13.704	17888
13.709	17075
13.714	16845
13.718	16506
13.722	16304
13.727	17764
13.731	20141
13.736	20477
13.740	17831
13.745	17373
13.749	18754
13.754	17335
13.758	16813
13.763	17346
13.767	17646
13.772	18456
13.776	16836
13.781	17112
13.785	17464
13.790	18421
13.794	17415
13.799	16163
13.803	17594
13.808	17236
13.812	15609
13.817	16439
13.821	16782
13.826	16692
13.830	17794
13.835	15933
13.839	16857
13.844	15819
13.848	16076
13.852	16732
13.857	16704
13.861	16412
13.866	16525
13.870	17059
13.875	17375
13.879	17713
13.884	18748
13.888	16070
13.893	17647
13.897	18293
13.902	17442
13.906	17322
13.911	17215
13.915	17466
13.920	16861
13.924	16552
13.929	17445
13.933	17466
13.938	17209
13.942	24955
13.947	18090
13.951	17034
13.956	18342
13.960	17884
13.965	17806
13.969	17377
13.974	17304
13.978	17275
13.983	17476
13.987	15199
13.991	15721
13.996	16965
14.000	17399
14.005	16430
14.009	17661
14.014	17900
14.018	18271
14.023	17939
14.027	17670
14.032	18190
14.036	16365
14.041	16867
14.045	17144
14.050	16907
14.054	18831
14.059	16217
14.063	15544
14.068	14816
14.072	16226
14.077	16633
14.081	16460
14.086	16395
14.090	16337
14.095	16862
14.099	17385
14.104	16015
14.108	21892
14.113	18667
14.117	18266
14.122	17226
14.126	16482
14.130	15950
14.135	17162
14.139	16043
14.144	16803
14.148	16709
14.153	16461
14.157	16341
14.162	15556
14.166	15564
14.171	16903
14.175	15437
14.180	16085
14.184	16788
14.189	15311
14.193	15479
14.198	16735
14.202	16312
14.207	16406
14.211	17127
14.216	16856
14.220	17565
14.225	17338
14.229	16256
14.234	15314
14.238	16342
14.243	16772
14.247	15269
14.251	17803
14.256	17149
14.260	17005
14.265	17707
14.269	16900
14.274	18793
14.278	17201
14.283	16942
14.287	16904
14.292	16670
14.296	15924
14.301	16346
14.305	15601
14.310	17439
14.314	17781
14.319	16641
14.323	16370
14.328	16280
14.332	16538
14.337	17799
14.341	17416
14.346	16935
14.350	16411
14.355	16719
14.359	17211
14.364	19192
14.368	18935
14.373	21306
14.377	18699
14.382	18462
14.386	17704
14.390	15608
14.395	16995
14.399	17173
14.404	17695
14.408	17705
14.413	18515
14.417	15961
14.422	16327
14.426	18569
14.431	16768
14.435	17383
14.440	17601
14.444	17081
14.449	16802
14.453	15217
14.458	15022
14.462	18167
14.467	16677
14.471	16822
14.476	16009
14.480	17776
14.485	16097
14.489	17503
14.494	16617
14.498	17919
14.503	16788
14.507	17094
14.511	17065
14.516	16038
14.521	18370
14.525	15381
14.530	17101
14.534	17081
14.538	15708
14.543	14546
14.547	15886
14.552	17791
14.556	16108
14.561	16492
14.565	17244
14.570	17561
14.574	16054
14.579	19817
14.583	17900
14.588	17808
14.592	17227
14.597	17386
14.601	17060
14.606	17400
14.610	17467
14.615	17172
14.619	15955
14.624	16305
14.628	16425
14.633	16555
14.637	16191
14.642	16785
14.646	18395
14.651	17346
14.655	17985
14.659	17606
14.664	15804
14.668	15413
14.673	17067
14.677	14481
14.682	16499
14.686	16665
14.691	16509
14.695	16010
14.700	16275
14.704	15418
14.709	13752
14.713	15151
14.718	15396
14.722	14777
14.727	14944
14.731	16658
14.736	16633
14.740	15885
14.745	15309
14.749	15483
14.754	16843
14.758	15740
14.763	14886
14.767	16245
14.772	15088
14.776	16342
14.781	17334
14.785	16590
14.790	15325
14.794	14878
14.798	15196
14.803	15622
14.807	15344
14.812	14199
14.816	15577
14.821	14273
14.825	17210
14.830	18974
14.834	15449
14.839	16573
14.843	15491
14.848	16083
14.852	17250
14.857	15780
14.861	14960
14.866	15748
14.870	16420
14.875	14459
14.879	15344
14.884	15325
14.888	15591
14.893	14132
14.897	14444
14.902	15336
14.906	16938
14.910	13931
14.915	15510
14.920	15707
14.924	16964
14.929	18018
14.933	17328
14.937	15153
14.942	16203
14.946	17340
14.951	17148
14.955	16483
14.960	17518
14.964	17853
14.969	15241
14.973	16068
14.978	14648
14.982	14145
14.987	14524
14.991	14969
14.996	16111
15.000	17218
15.005	16096
15.009	18930
15.014	19170
15.018	18170
15.023	16067
15.027	14886
15.032	16260
15.036	16334
15.041	15649
15.045	16728
15.050	15671
15.054	17526
15.058	17492
15.063	15956
15.067	14874
15.072	16245
15.076	16531
15.081	15262
15.085	17539
15.090	16676
15.094	16288
15.099	20805
15.103	16552
15.108	15492
15.112	16999
15.117	17354
15.121	16531
15.126	17763
15.130	17045
15.135	15775
15.139	17483
15.144	18485
15.148	14981
15.153	17071
15.157	15880
15.162	17668
15.166	18022
15.171	16856
15.175	17209
15.180	16931
15.184	16950
15.189	15345
15.193	15797
15.197	15576
15.202	17951
15.206	17005
15.211	17822
15.215	17122
15.220	17623
15.224	18068
15.229	17401
15.233	16899
15.238	17637
15.242	14783
15.247	14510
15.251	14618
15.256	17671
15.260	16265
15.265	16426
15.269	17662
15.274	16527
15.278	17864
15.283	18514
15.287	16824
15.292	14996
15.296	15493
15.301	17213
15.305	15967
15.310	15457
15.314	14915
15.319	15068
15.323	16831
15.328	15680
15.332	17536
15.337	15340
15.341	16387
15.345	15803
15.350	16445
15.354	15403
15.359	16712
15.363	16656
15.368	14898
15.372	17088
15.377	17776
15.381	17307
15.386	16964
15.390	17069
15.395	16170
15.399	16954
15.404	17364
15.408	15693
15.413	16524
15.417	15153
15.422	15574
15.426	14765
15.431	15262
15.435	14370
15.440	14905
15.444	16621
15.449	16635
15.453	15657
15.457	14759
15.462	15305
15.466	16316
15.471	16697
15.475	16501
15.480	17705
15.484	15488
15.489	17446
15.493	17268
15.498	17401
15.502	16703
15.507	15584
15.511	16947
15.516	18355
15.520	18197
15.525	15890
15.529	16245
15.534	17171
15.538	16683
15.543	17357
15.547	17640
15.552	17586
15.556	17882
15.561	18075
15.565	18189
15.570	17525
15.574	19992
15.579	18066
15.583	16534
15.588	18849
15.592	17830
15.597	18564
15.601	16513
15.605	18558
15.610	17884
15.614	18404
15.619	18187
15.623	17889
15.628	18583
15.632	17376
15.637	18505
15.641	17989
15.646	17371
15.650	17159
15.655	17747
15.659	17208
15.664	18190
15.668	17005
15.673	18223
15.677	18433
15.682	16717
15.686	17016
15.691	19309
15.695	17674
15.700	17253
15.704	17483
15.709	16604
15.713	17665
15.718	17817
15.722	15708
15.727	17536
15.731	18153
15.736	17704
15.740	17749
15.744	17302
15.749	17822
15.753	17760
15.758	17668
15.762	16682
15.767	16842
15.771	17314
15.776	17820
15.780	18556
15.785	20115
15.789	18890
15.794	20304
15.798	17596
15.803	17277
15.807	16176
15.812	15825
15.816	17774
15.821	17360
15.825	16685
15.830	18973
15.834	17439
15.839	16084
15.843	17106
15.848	16269
15.852	18012
15.856	17189
15.861	17642
15.865	16712
15.870	17872
15.875	18881
15.879	18050
15.883	17767
15.888	20774
15.892	20626
15.897	16996
15.901	16520
15.906	17189
15.910	15798
15.915	14956
15.919	16417
15.924	16279
15.928	16147
15.933	18392
15.937	17389
15.942	17923
15.946	17773
15.951	17584
15.955	16639
15.960	18003
15.964	15884
15.969	17080
15.973	16262
15.978	18356
15.982	17690
15.987	16411
15.991	15961
15.995	16807
16.000	17122
16.004	15937
16.009	15412
16.013	15908
16.018	16821
16.022	15752
16.027	17005
16.031	16362
16.036	18417
16.040	15744
16.045	16694
16.049	17094
16.054	15553
16.058	16142
16.063	17526
16.067	16730
16.072	15913
16.076	15496
16.081	16899
16.085	17375
16.090	17671
16.094	18763
16.099	16544
16.103	15263
16.108	14975
16.112	17040
16.117	16336
16.121	14689
16.126	15601
16.130	17873
16.135	14739
16.139	17520
16.143	17536
16.148	17590
16.152	17691
16.157	15322
16.161	17131
16.166	16890
16.170	16161
16.175	16445
16.179	16674
16.184	17724
16.188	17422
16.193	15898
16.197	17148
16.202	16282
16.206	16073
16.211	17695
16.215	16518
16.220	16298
16.224	15599
16.229	15973
16.233	16742
16.238	16536
16.242	15494
16.247	14452
16.251	15676
16.256	16635
16.260	16120
16.264	15440
16.269	20382
16.273	15783
16.278	15835
16.282	15989
16.287	19120
16.291	16487
16.296	16727
16.300	17925
16.305	14844
16.309	15551
16.314	16378
16.318	17004
16.323	15229
16.327	16511
16.332	15559
16.336	17724
16.341	17630
16.345	15519
16.350	19106
16.354	19421
16.359	17568
16.363	15668
16.368	14264
16.372	16793
16.377	17339
16.381	17288
16.386	15072
16.390	16248
16.395	17849
16.399	17299
16.403	16488
16.408	15872
16.412	15682
16.417	14128
16.421	15662
16.426	16032
16.430	15606
16.435	15471
16.439	15150
16.444	16497
16.448	16328
16.453	16710
16.457	16075
16.462	16135
16.466	17333
16.471	17757
16.475	16365
16.480	16872
16.484	15467
16.489	16161
16.493	14342
16.498	16280
16.502	15096
16.507	16589
16.511	18392
16.516	16502
16.520	16806
16.525	15295
16.529	17026
16.534	16803
16.538	14982
16.542	14633
16.547	16270
16.551	15736
16.556	15536
16.560	15296
16.565	15966
16.569	14363
16.574	15168
16.578	15923
16.583	16257
16.587	16322
16.592	17275
16.596	17822
16.601	17089
16.605	15763
16.610	16520
16.614	14993
16.619	17396
16.623	17222
16.628	19408
16.632	16223
16.637	16321
16.641	17395
16.646	16962
16.650	15637
16.655	16317
16.659	15060
16.663	16621
16.668	15306
16.672	14574
16.677	15656
16.681	15044
16.686	15590
16.690	16321
16.695	16527
16.699	15938
16.704	16491
16.708	16648
16.713	14166
16.717	15293
16.722	16910
16.726	17208
16.731	17099
16.735	15311
16.740	16210
16.744	16126
16.749	16435
16.753	16587
16.758	16345
16.762	15723
16.767	16243
16.771	16936
16.776	19192
16.780	18881
16.785	15784
16.789	16350
16.794	17282
16.798	17244
16.802	16126
16.807	16102
16.811	16418
16.816	16297
16.820	17397
16.825	17600
16.829	15581
16.834	17114
16.838	15392
16.843	15057
16.847	16115
16.852	15220
16.856	16396
16.861	14665
16.865	14430
16.870	15077
16.874	16062
16.879	14671
16.883	16039
16.888	17456
16.892	15309
16.897	14960
16.901	15403
16.906	14893
16.910	14129
16.915	14781
16.919	14182
16.924	14763
16.928	14829
16.933	16820
16.937	15362
16.941	16160
16.946	16560
16.950	16673
16.955	16784
16.959	15856
16.964	16195
16.968	17299
16.973	18236
16.977	17493
16.982	17726
16.986	17308
16.991	16896
16.995	15047
17.000	16831
17.004	15426
17.009	14618
17.013	14571
17.018	15827
17.022	15065
17.027	15362
17.031	16429
17.036	17102
17.040	16003
17.045	15368
17.049	17410
17.054	19248
17.058	18742
17.063	18253
17.067	17104
17.072	17617
17.076	17694
17.080	16020
17.085	16428
17.089	18178
17.094	16718
17.098	17640
17.103	18120
17.107	17984
17.112	17234
17.116	17435
17.121	18084
17.125	16677
17.130	15705
17.134	17725
17.139	18272
17.143	17690
17.148	19950
17.152	18629
17.157	17223
17.161	18043
17.166	15618
17.170	17644
17.175	18447
17.179	18056
17.184	18092
17.188	17238
17.193	18682
17.197	16382
17.201	19313
17.206	18845
17.211	19083
17.215	19017
17.219	18478
17.224	16882
17.228	16440
17.233	16444
17.237	16662
17.242	16287
17.246	16265
17.251	15653
17.255	16922
17.260	17578
17.264	16274
17.269	15625
17.273	16903
17.278	16128
17.282	16053
17.287	16774
17.291	17862
17.296	17288
17.300	17192
17.305	17306
17.309	17802
17.314	17297
17.318	17288
17.323	17228
17.327	15801
17.332	15462
17.336	16882
17.340	15817
17.345	17311
17.349	15140
17.354	18230
17.358	22551
17.363	25910
17.367	26060
17.372	24351
17.376	25746
17.381	26913
17.385	25843
17.390	23251
17.394	22757
17.399	25161
17.403	24974
17.408	24051
17.412	21981
17.417	21864
17.421	21068
17.426	21407
17.430	20850
17.435	19979
17.439	21611
17.444	19876
17.448	19919
17.453	19124
17.457	20818
17.462	21484
17.466	21292
17.471	19724
17.475	20352
17.480	20949
17.484	20151
17.488	20043
17.493	18642
17.497	18645
17.502	18428
17.506	18462
17.511	19052
17.515	21380
17.520	21080
17.524	20263
17.529	21178
17.533	19604
17.538	18484
17.542	16699
17.547	18153
17.551	18490
17.556	18788
17.560	18324
17.565	18062
17.569	19521
17.574	16592
17.578	18207
17.583	18682
17.587	17779
17.592	17558
17.596	18400
17.601	15547
17.605	18138
17.610	18519
17.614	18231
17.618	19181
17.623	19177
17.627	17850
17.632	18688
17.636	19676
17.641	19352
17.645	18637
17.650	19108
17.654	18502
17.659	15199
17.663	18047
17.668	18550
17.672	15775
17.677	17277
17.681	17710
17.686	18351
17.690	15804
17.695	16212
17.699	18235
17.704	18163
17.708	18118
17.713	17836
17.717	16478
17.722	18923
17.726	18224
17.731	17849
17.735	16461
17.740	16694
17.744	17188
17.748	17561
17.753	17235
17.757	16485
17.762	18301
17.766	18281
17.771	21311
17.775	18844
17.780	17805
17.784	17333
17.789	17774
17.793	18095
17.798	17742
17.802	18034
17.807	17074
17.811	18094
17.816	18080
17.820	17304
17.825	17603
17.829	17829
17.834	16979
17.838	17404
17.843	17257
17.847	16713
17.852	16328
17.856	15444
17.861	16147
17.865	15454
17.870	14830
17.874	14493
17.879	13985
17.883	18250
17.887	17180
17.892	17138
17.896	18535
17.901	17833
17.905	16931
17.910	16534
17.914	15426
17.919	15339
17.923	14850
17.928	14691
17.932	14455
17.937	14510
17.941	14086
17.946	13895
17.950	14155
17.955	14503
17.959	14445
17.964	14170
17.968	14279
17.973	14483
17.977	15223
17.982	15418
17.986	14904
17.991	14867
17.995	14574
18.000	15427
18.004	14854
18.009	14986
18.013	14602
18.018	14767
18.022	14462
18.026	14985
18.031	14952
18.035	14366
18.040	15126
18.044	14858
18.049	15180
18.053	17562
18.058	16749
18.062	16068
18.067	15397
18.071	15243
18.076	15085
18.080	15307
18.085	15671
18.089	16459
18.094	16342
18.098	14744
18.103	15002
18.107	15897
18.112	15605
18.116	16381
18.121	16423
18.125	15694
18.130	15094
18.134	15736
18.139	19716
18.143	18072
18.147	17009
18.152	17754
18.156	16112
18.161	15989
18.165	16012
18.170	15422
18.174	15582
18.179	16035
18.183	16237
18.188	18127
18.192	17389
18.197	16207
18.201	15927
18.206	14984
18.210	15932
18.215	15437
18.219	16299
18.224	15889
18.228	14724
18.233	15700
18.237	16234
18.242	16330
18.246	15151
18.251	15681
18.255	15435
18.260	16240
18.264	16454
18.269	15411
18.273	16163
18.278	15560
18.282	14288
18.286	15377
18.291	15408
18.295	16449
18.300	15785
18.304	16568
18.309	17184
18.313	15927
18.318	16699
18.322	16470
18.327	16793
18.331	16742
18.336	17228
18.340	15866
18.345	17509
18.349	19305
18.354	16677
18.358	16347
18.363	16699
18.367	16567
18.372	16411
18.376	16556
18.381	14854
18.385	16597
18.390	16257
18.394	16104
18.399	17188
18.403	16601
18.408	17517
18.412	16759
18.417	17904
18.421	17727
18.426	17065
18.430	17299
18.434	16169
18.439	16032
18.443	15740
18.448	15980
18.452	16366
18.457	16587
18.461	17790
18.466	16500
18.470	17094
18.475	16365
18.479	15546
18.484	16423
18.488	16597
18.493	16638
18.497	16345
18.502	17009
18.506	16569
18.511	17564
18.515	16224
18.520	18089
18.524	17974
18.529	18074
18.533	16301
18.538	17400
18.542	16809
18.546	16827
18.551	17579
18.555	17131
18.560	17417
18.564	17350
18.569	17449
18.573	17131
18.578	16964
18.582	16981
18.587	16960
18.591	17220
18.596	14353
18.600	16297
18.605	18077
18.609	19164
18.614	17439
18.618	16524
18.623	16663
18.627	16927
18.632	16478
18.636	17085
18.641	17802
18.645	16059
18.650	16735
18.654	16559
18.659	16886
18.663	17561
18.668	21826
18.672	17895
18.677	18071
18.681	17237
18.686	17812
18.690	17139
18.694	16437
18.699	17699
18.703	17706
18.708	17082
18.712	18710
18.717	17676
18.721	17444
18.726	17592
18.730	19099
18.735	18042
18.739	17886
18.744	16702
18.748	16753
18.753	18334
18.757	18097
18.762	17561
18.766	18564
18.771	18515
18.775	19089
18.780	21070
18.784	18711
18.789	19666
18.793	19103
18.798	19048
18.802	19270
18.807	18820
18.811	18563
18.816	20221
18.820	22467
18.825	20355
18.829	20102
18.833	19231
18.838	18124
18.842	17042
18.847	18266
18.851	19157
18.856	19028
18.860	18568
18.865	15900
18.869	17069
18.874	18461
18.878	16735
18.883	18463
18.887	18572
18.892	17710
18.896	16346
18.901	16293
18.905	16795
18.910	18040
18.914	18162
18.919	18133
18.923	17925
18.928	18662
18.932	20517
18.937	17173
18.941	18468
18.946	16889
18.950	16837
18.954	16913
18.959	16985
18.963	16452
18.968	18139
18.972	16538
18.977	17672
18.981	18217
18.986	19269
18.990	19064
18.995	19411
18.999	18410
19.004	17684
19.008	16030
19.013	17384
19.017	17623
19.022	17118
19.026	16494
19.031	17304
19.035	16191
19.040	16963
19.044	16666
19.049	16647
19.053	18516
19.058	16887
19.062	17311
19.067	17018
19.071	17206
19.076	17405
19.080	17059
19.085	17600
19.089	15872
19.093	15820
19.098	16962
19.102	15171
19.107	15835
19.111	14984
19.116	15137
19.120	15030
19.125	16929
19.129	16805
19.134	16270
19.138	16061
19.143	17054
19.147	16250
19.152	17582
19.156	20537
19.161	15764
19.165	16029
19.170	17528
19.174	17070
19.179	16875
19.183	17130
19.188	17605
19.192	15916
19.197	15765
19.201	17576
19.206	17480
19.210	17745
19.215	17847
19.219	17062
19.224	17006
19.228	16996
19.233	15994
19.237	17014
19.241	16872
19.246	16851
19.250	16804
19.255	17602
19.259	15550
19.264	16851
19.268	16487
19.273	16780
19.277	17076
19.282	15519
19.286	14744
19.291	15897
19.295	16655
19.300	19373
19.304	20285
19.309	20072
19.313	25281
19.318	19543
19.322	15647
19.327	15738
19.331	16043
19.336	15221
19.340	16991
19.345	16050
19.349	16140
19.354	16907
19.358	17545
19.362	17266
19.367	17175
19.372	16989
19.376	15419
19.380	16331
19.385	14787
19.389	14606
19.394	14965
19.398	19145
19.403	15212
19.407	20581
19.412	15899
19.416	16571
19.421	17115
19.425	16105
19.430	16370
19.434	14504
19.439	16747
19.443	14786
19.448	14988
19.452	15364
19.457	15916
19.461	14743
19.466	16741
19.470	15764
19.475	17415
19.479	16846
19.484	16639
19.488	18166
19.493	18383
19.497	17881
19.501	17544
19.506	17108
19.510	17315
19.515	17538
19.519	15971
19.524	17301
19.528	17603
19.533	20918
19.537	18727
19.542	18734
19.546	17793
19.551	18162
19.555	18831
19.560	17004
19.564	19008
19.569	18800
19.573	18826
19.578	19222
19.582	20128
19.587	24097
19.591	21988
19.596	20878
19.600	21590
19.605	21082
19.609	19121
19.614	20014
19.618	21005
19.623	21574
19.627	19967
19.632	21010
19.636	18471
19.640	20080
19.645	22247
19.649	18159
19.654	19595
19.658	20816
19.663	21546
19.667	22290
19.672	23118
19.676	22314
19.681	24070
19.685	20951
19.690	24654
19.694	24405
19.699	23631
19.703	23235
19.708	22803
19.712	25594
19.717	25155
19.721	24783
19.726	22880
19.730	23801
19.735	25424
19.739	23937
19.744	23408
19.748	24146
19.753	23859
19.757	24524
19.761	24949
19.766	24844
19.770	23513
19.775	24073
19.779	23908
19.784	21829
19.788	24573
19.793	23775
19.797	25205
19.802	24103
19.806	22442
19.811	22884
19.815	23443
19.820	23220
19.824	24267
19.829	20019
19.833	22839
19.838	22936
19.842	22818
19.847	23016
19.851	21139
19.856	21183
19.860	19992
19.865	21179
19.869	22023
19.874	20458
19.878	20131
19.883	19544
19.887	21504
19.892	19225
19.896	20763
19.900	19026
19.905	21492
19.909	18625
19.914	20558
19.918	19913
19.923	19997
19.927	20629
19.932	19540
19.936	19730
19.941	19859
19.945	18859
19.950	19165
19.954	17646
19.959	18513
19.963	18517
19.968	18308
19.972	16921
19.977	17955
19.981	18161
19.986	19214
19.990	17965
19.995	18206
19.999	17608
20.004	17211
20.008	18287
20.013	18004
20.017	18428
20.022	18661
20.026	16829
20.031	15227
20.035	15171
20.039	17242
20.044	18456
20.048	17905
20.053	17005
20.057	16119
20.062	16948
20.066	17898
20.071	17689
20.075	18734
20.080	18731
20.084	17881
20.089	16654
20.093	17385
20.098	17240
20.102	17390
20.107	18330
20.111	16233
20.116	17765
20.120	17908
20.125	17248
20.129	16798
20.134	16959
20.138	16514
20.143	16204
20.147	17091
20.152	17739
20.156	16286
20.160	17323
20.165	17304
20.169	16757
20.174	17088
20.178	16184
20.183	17250
20.187	15819
20.192	17189
20.196	15561
20.201	16593
20.205	17078
20.210	15777
20.214	15275
20.219	14954
20.223	16188
20.228	15487
20.232	16874
20.237	16642
20.241	17794
20.246	16138
20.250	17157
20.255	17402
20.259	15420
20.264	16881
20.268	17114
20.273	18369
20.277	16997
20.282	16180
20.286	15468
20.291	17713
20.295	15812
20.299	17502
20.304	16823
20.308	15777
20.313	15890
20.317	16884
20.322	17210
20.326	16339
20.331	17311
20.335	17275
20.340	16448
20.344	15987
20.349	15920
20.353	15565
20.358	15965
20.362	16433
20.367	15773
20.371	16277
20.376	17696
20.380	16201
20.385	16518
20.389	16365
20.394	15750
20.398	16918
20.403	16952
20.407	15253
20.412	16771
20.416	17226
20.421	16534
20.425	16610
20.430	17298
20.434	15718
20.439	17063
20.443	15849
20.447	17672
20.452	16515
20.456	15265
20.461	15841
20.465	15528
20.470	17288
20.474	16466
20.479	15957
20.483	16335
20.488	16197
20.492	15511
20.497	16290
20.501	15540
20.506	16142
20.510	15026
20.515	14898
20.519	16011
20.524	16089
20.528	17038
20.533	16524
20.537	16685
20.542	15987
20.546	16449
20.551	17461
20.555	17118
20.560	14218
20.564	16009
20.568	15395
20.573	15186
20.578	16816
20.582	15905
20.586	17372
20.591	17112
20.595	17140
20.600	16385
20.604	16306
20.609	15177
20.613	15081
20.618	15783
20.622	15036
20.627	15925
20.631	16425
20.636	16813
20.640	16382
20.645	15000
20.649	16477
20.654	15670
20.658	16066
20.663	16621
20.667	15747
20.672	16051
20.676	16143
20.681	16770
20.685	15383
20.690	16055
20.694	16579
20.699	16725
20.703	17593
20.707	16029
20.712	15651
20.716	16056
20.721	16021
20.725	15547
20.730	16494
20.734	16441
20.739	16820
20.743	15956
20.748	16532
20.752	16558
20.757	15337
20.761	15607
20.766	14852
20.770	15701
20.775	16237
20.779	17110
20.784	16640
20.788	15942
20.793	16242
20.797	15942
20.802	16642
20.806	17330
20.811	16260
20.815	16526
20.820	15085
20.824	16191
20.829	15204
20.833	15436
20.838	16545
20.842	14380
20.847	15873
20.851	16184
20.855	15689
20.860	15716
20.864	14893
20.869	15628
20.873	15863
20.878	16297
20.882	15563
20.887	14937
20.891	14246
20.896	14579
20.900	14868
20.905	17217
20.909	15155
20.914	17316
20.918	14884
20.923	16462
20.927	15905
20.932	16415
20.936	16475
20.941	15097
20.945	15613
20.950	15026
20.954	15402
20.959	16765
20.963	16277
20.967	16646
20.972	16113
20.976	16195
20.981	14897
20.986	14544
20.990	14573
20.994	16145
20.999	16623
21.003	16072
21.008	15784
21.012	14183
21.017	15210
21.021	15205
21.026	15106
21.030	15158
21.035	13610
21.039	15759
21.044	15095
21.048	14471
21.053	14968
21.057	15661
21.062	16276
21.066	13794
21.071	16318
21.075	15990
21.080	16394
21.084	16095
21.089	15714
21.093	13940
21.098	15516
21.102	15976
21.107	16467
21.111	16029
21.115	14598
21.120	15397
21.124	13735
21.129	15658
21.133	15173
21.138	16829
21.142	16432
21.147	14433
21.151	14827
21.156	15407
21.160	16854
21.165	15407
21.169	16432
21.174	16191
21.178	14105
21.183	14649
21.187	15750
21.192	15943
21.196	14466
21.201	15457
21.205	15822
21.210	16227
21.214	14797
21.219	15541
21.223	16212
21.228	15704
21.232	15324
21.237	16379
21.241	15461
21.246	14736
21.250	15156
21.254	16126
21.259	16090
21.263	15100
21.268	14594
21.272	14919
21.277	16216
21.281	16206
21.286	15083
21.290	16223
21.295	15442
21.299	15593
21.304	15878
21.308	16067
21.313	14650
21.317	16107
21.322	15658
21.326	16105
21.331	15368
21.335	17014
21.340	15529
21.344	16861
21.349	16922
21.353	15956
21.358	15679
21.362	16918
21.367	16836
21.371	16731
21.375	16936
21.380	16460
21.385	16495
21.389	16400
21.393	16461
21.398	15457
21.402	16298
21.407	17128
21.411	16595
21.416	16762
21.420	16676
21.425	15590
21.429	16615
21.434	16276
21.438	16608
21.443	15780
21.447	16221
21.452	16238
21.456	14792
21.461	16333
21.465	17054
21.470	16713
21.474	16035
21.479	15989
21.483	14890
21.488	14939
21.492	16069
21.497	15031
21.501	14893
21.506	16684
21.510	15506
21.514	16060
21.519	16197
21.523	16273
21.528	15373
21.532	16070
21.537	16293
21.541	16131
21.546	16379
21.550	16849
21.555	15537
21.559	16380
21.564	16237
21.568	15201
21.573	16591
21.577	16447
21.582	15464
21.586	16006
21.591	16082
21.595	16053
21.600	16324
21.604	16613
21.609	15330
21.613	16690
21.618	16599
21.622	16894
21.627	16834
21.631	16793
21.636	17259
21.640	15963
21.645	17367
21.649	15456
21.653	16891
21.658	17430
21.662	16922
21.667	17239
21.671	16957
21.676	16767
21.680	15534
21.685	16404
21.689	15734
21.694	17243
21.698	16929
21.703	15976
21.707	16638
21.712	16818
21.716	16782
21.721	16984
21.725	16406
21.730	16304
21.734	16552
21.739	15868
21.743	15131
21.748	16623
21.752	16745
21.757	15363
21.761	16062
21.766	15755
21.770	16507
21.774	15561
21.779	16864
21.784	16591
21.788	16657
21.792	17188
21.797	16831
21.801	15772
21.806	16649
21.810	16929
21.815	15852
21.819	16877
21.824	16256
21.828	16824
21.833	16885
21.837	16716
21.842	16225
21.846	16609
21.851	16589
21.855	16412
21.860	16432
21.864	16760
21.869	16405
21.873	15931
21.878	16017
21.882	16165
21.887	15778
21.891	15124
21.896	16326
21.900	14951
21.905	16102
21.909	16527
21.913	16124
21.918	16545
21.922	15662
21.927	17048
21.931	17084
21.936	16142
21.940	16347
21.945	15851
21.949	15911
21.954	14938
21.958	15922
21.963	16636
21.967	16735
21.972	15368
21.976	15576
21.981	16210
21.985	16378
21.990	16521
21.994	16616
21.999	15298
22.003	17438
22.008	16540
22.012	15539
22.017	16293
22.021	16584
22.026	16919
22.030	16539
22.035	16410
22.039	15697
22.044	16099
22.048	16056
22.052	16125
22.057	16013
22.061	16259
22.066	16393
22.070	15211
22.075	16427
22.079	16752
22.084	16380
22.088	15162
22.093	17128
22.097	15345
22.102	15999
22.106	15252
22.111	16401
22.115	15649
22.120	16358
22.124	15846
22.129	15990
22.133	16292
22.138	16601
22.142	16313
22.147	15510
22.151	16617
22.156	16609
22.160	16910
22.165	17233
22.169	16507
22.174	17080
22.178	16330
22.182	16578
22.187	15818
22.192	15271
22.196	14936
22.200	16065
22.205	17139
22.209	16644
22.214	15629
22.218	16464
22.223	16190
22.227	16571
22.232	16910
22.236	16745
22.241	15803
22.245	16017
22.250	17520
22.254	16432
22.259	15721
22.263	14895
22.268	16261
22.272	16572
22.277	16012
22.281	17204
22.286	16470
22.290	16135
22.295	15879
22.299	16592
22.304	16270
22.308	15966
22.313	16369
22.317	16402
22.321	16161
22.326	15489
22.330	16308
22.335	16658
22.339	16500
22.344	16329
22.348	16262
22.353	15422
22.357	16125
22.362	16344
22.366	15653
22.371	16600
22.375	15778
22.380	15011
22.384	16296
22.389	16596
22.393	16624
22.398	16069
22.402	16340
22.407	16047
22.411	15082
22.416	16058
22.420	16458
22.425	16394
22.429	15058
22.434	16292
22.438	16206
22.443	14889
22.447	16060
22.452	16391
22.456	15657
22.460	16648
22.465	16312
22.469	16327
22.474	16497
22.478	16920
22.483	15495
22.487	16333
22.492	15625
22.496	15355
22.501	16349
22.505	16305
22.510	15986
22.514	16388
22.519	15999
22.523	15562
22.528	16690
22.532	15953
22.537	16542
22.541	16531
22.546	16446
22.550	15795
22.555	16102
22.559	16487
22.564	16265
22.568	16419
22.573	14750
22.577	16828
22.581	15183
22.586	16284
22.591	15893
22.595	15669
22.600	16455
22.604	15523
22.608	15964
22.613	16446
22.617	16722
22.622	16178
22.626	16624
22.631	15722
22.635	16473
22.640	16212
22.644	16661
22.649	16179
22.653	15451
22.658	15815
22.662	16792
22.667	15800
22.671	16283
22.676	16718
22.680	16801
22.685	16150
22.689	16737
22.694	16449
22.698	16464
22.703	16809
22.707	15806
22.712	16987
22.716	16266
22.721	17139
22.725	16344
22.729	16995
22.734	17031
22.738	16406
22.743	16499
22.747	14119
22.752	16791
22.756	15149
22.761	17226
22.765	16497
22.770	16515
22.774	15233
22.779	15670
22.783	16770
22.788	16755
22.792	17068
22.797	16768
22.801	16637
22.806	16290
22.810	16596
22.815	16376
22.819	16776
22.824	16805
22.828	17369
22.833	16208
22.837	16725
22.842	16377
22.846	16635
22.851	16741
22.855	16247
22.860	16402
22.864	16649
22.868	16502
22.873	16690
22.877	16467
22.882	16786
22.886	16759
22.891	16326
22.895	16535
22.900	14855
22.904	16197
22.909	16679
22.913	16319
22.918	16385
22.922	16366
22.927	17071
22.931	15529
22.936	16512
22.940	16826
22.945	16521
22.949	16234
22.954	16638
22.958	17100
22.963	16703
22.967	16328
22.972	16509
22.976	16792
22.980	15820
22.985	16060
22.990	16561
22.994	16981
22.999	16528
23.003	16584
23.007	16392
23.012	16453
23.016	15919
23.021	15597
23.025	14651
23.030	15371
23.034	16682
23.039	15740
23.043	16323
23.048	15943
23.052	16330
23.057	16460
23.061	16091
23.066	15543
23.070	15892
23.075	15672
23.079	15205
23.084	16098
23.088	15588
23.093	16041
23.097	16354
23.102	16642
23.106	16681
23.111	16699
23.115	16411
23.120	14912
23.124	16849
23.128	14978
23.133	15497
23.137	16199
23.142	16470
23.146	15916
23.151	17019
23.155	15994
23.160	16878
23.164	16680
23.169	16340
23.173	15141
23.178	15822
23.182	15698
23.187	15720
23.191	15941
23.196	14867
23.200	16337
23.205	16015
23.209	16145
23.214	15159
23.218	15624
23.223	15008
23.227	16191
23.232	16442
23.236	15673
23.241	14925
23.245	15099
23.250	15837
23.254	16097
23.259	16357
23.263	16290
23.267	16172
23.272	16547
23.276	16738
23.281	16125
23.285	16218
23.290	16228
23.294	16449
23.299	16345
23.303	16297
23.308	16293
23.312	16112
23.317	17246
23.321	16545
23.326	16566
23.330	16273
23.335	16430
23.339	16026
23.344	15196
23.348	16605
23.353	16716
23.357	16974
23.362	15313
23.366	16394
23.371	16704
23.375	15232
23.380	15299
23.384	16461
23.388	16460
23.393	17123
23.398	15479
23.402	16440
23.406	16100
23.411	15853
23.415	15643
23.420	14758
23.424	16136
23.429	15816
23.433	15898
23.438	14797
23.442	15863
23.447	14696
23.451	15998
23.456	15761
23.460	15774
23.465	16101
23.469	16785
23.474	16314
23.478	16387
23.483	16343
23.487	15222
23.492	16107
23.496	15967
23.501	16800
23.505	15721
23.510	16143
23.514	16592
23.519	15920
23.523	16355
23.528	16677
23.532	14563
23.536	16461
23.541	17098
23.545	16467
23.550	16218
23.554	16033
23.559	16577
23.563	15655
23.568	14852
23.572	15839
23.577	15798
23.581	16010
23.586	15554
23.590	15976
23.595	15769
23.599	15779
23.604	15758
23.608	16282
23.613	15986
23.617	16393
23.622	16617
23.626	16494
23.631	16424
23.635	16421
23.640	16542
23.644	15375
23.649	15873
23.653	16663
23.658	16756
23.662	16443
23.667	16592
23.671	16661
23.675	16428
23.680	16329
23.684	16704
23.689	16660
23.693	16396
23.698	16315
23.702	16243
23.707	17072
23.711	16326
23.716	16178

