0.021	64276
0.026	65780
0.030	64868
0.035	64495
0.039	65224
0.044	63690
0.048	65315
0.053	65235
0.057	64877
0.062	65161
0.066	65001
0.071	64502
0.075	65342
0.080	65375
0.084	65886
0.089	65417
0.093	65701
0.098	64082
0.102	64577
0.107	65850
0.111	66105
0.116	66494
0.120	66434
0.125	67052
0.129	65907
0.133	66596
0.138	66350
0.142	66589
0.147	67157
0.151	65748
0.156	67501
0.160	67233
0.165	66806
0.169	68423
0.174	67782
0.178	67795
0.183	66913
0.187	67843
0.192	67021
0.196	67051
0.201	68550
0.205	67555
0.210	68108
0.214	67045
0.219	67682
0.223	67467
0.228	67298
0.232	68403
0.237	68324
0.241	67807
0.246	66652
0.250	67914
0.255	67486
0.259	67500
0.263	68070
0.268	67494
0.273	67163
0.277	67712
0.281	68378
0.286	67794
0.290	65474
0.295	66664
0.299	67020
0.304	66952
0.308	67991
0.313	67070
0.317	67245
0.322	67220
0.326	67651
0.331	68822
0.335	68580
0.340	67232
0.344	66558
0.349	67971
0.353	68343
0.358	68707
0.362	67152
0.367	69313
0.371	69028
0.376	70213
0.380	69935
0.385	69174
0.389	69252
0.394	71780
0.398	71785
0.402	71502
0.407	74002
0.411	74556
0.416	75360
0.420	75946
0.425	76924
0.429	76352
0.434	76813
0.438	78865
0.443	79388
0.447	80978
0.452	82423
0.456	82930
0.461	82896
0.465	84998
0.470	85052
0.474	86207
0.479	87535
0.483	87404
0.488	88472
0.492	90654
0.497	91533
0.501	91648
0.506	93803
0.510	96313
0.515	96648
0.519	96990
0.524	98389
0.528	99127
0.533	99550
0.537	100368
0.541	102138
0.546	101696
0.550	100500
0.555	101407
0.559	100772
0.564	103297
0.568	104718
0.573	109106
0.577	106928
0.582	105090
0.586	106885
0.591	107246
0.595	107874
0.600	108694
0.604	109655
0.609	110647
0.613	110732
0.618	111448
0.622	109828
0.627	113099
0.631	113138
0.636	112549
0.640	113772
0.645	113698
0.649	113894
0.654	114026
0.658	112639
0.662	114681
0.667	116812
0.672	114521
0.676	113476
0.680	114850
0.685	115796
0.689	114267
0.694	116056
0.698	114732
0.703	114587
0.707	114681
0.712	114578
0.716	114097
0.721	114240
0.725	114986
0.730	114071
0.734	115327
0.739	114650
0.743	113373
0.748	113179
0.752	114697
0.757	115085
0.761	112027
0.766	112616
0.770	114461
0.775	112907
0.779	113993
0.784	114072
0.788	114850
0.793	116407
0.797	115314
0.802	115763
0.806	111559
0.810	113604
0.815	112191
0.819	112666
0.824	113794
0.828	111711
0.833	112567
0.837	112789
0.842	112146
0.846	112250
0.851	113995
0.855	111277
0.860	112911
0.864	111569
0.869	112716
0.873	113506
0.878	112830
0.882	110786
0.887	111267
0.891	110349
0.896	108742
0.900	110334
0.905	109428
0.909	106717
0.914	107713
0.918	108928
0.923	106523
0.927	107355
0.932	108594
0.936	107314
0.940	105693
0.945	106562
0.949	105850
0.954	105115
0.958	106393
0.963	105232
0.967	104365
0.972	104697
0.976	105271
0.981	103128
0.985	102971
0.990	102324
0.994	100415
0.999	102129
1.003	104092
1.008	103015
1.012	101222
1.017	102798
1.021	102703
1.026	102667
1.030	102595
1.035	103364
1.039	101581
1.044	104762
1.048	103404
1.053	101812
1.057	101205
1.062	102368
1.066	102635
1.070	102263
1.075	103370
1.079	101805
1.084	101021
1.088	101001
1.093	100511
1.097	100711
1.102	100170
1.106	101706
1.111	101860
1.115	100319
1.120	101594
1.124	100754
1.129	98646
1.133	99365
1.138	99522
1.142	99481
1.147	99758
1.151	99475
1.156	99485
1.160	98871
1.165	96929
1.169	96378
1.174	95760
1.178	96103
1.183	96633
1.187	97353
1.192	96091
1.196	94954
1.201	96386
1.205	96013
1.209	97200
1.214	96683
1.218	95290
1.223	97652
1.227	95884
1.232	93744
1.236	95178
1.241	95635
1.245	94803
1.250	95489
1.254	94883
1.259	94567
1.263	95493
1.268	94697
1.272	95056
1.277	94223
1.281	94043
1.286	93373
1.290	94932
1.295	94423
1.299	92763
1.304	93544
1.308	92862
1.313	92502
1.317	92814
1.322	91660
1.326	92964
1.331	93994
1.335	93568
1.339	92115
1.344	92010
1.348	91016
1.353	90773
1.357	90320
1.362	91315
1.366	91432
1.371	90424
1.375	92560
1.380	91040
1.384	91283
1.389	92208
1.393	92108
1.398	91981
1.402	90732
1.407	91048
1.411	89286
1.416	89602
1.420	90271
1.425	89935
1.429	90459
1.434	91818
1.438	90797
1.443	90661
1.447	89962
1.452	89905
1.456	89641
1.461	89646
1.465	91590
1.470	91220
1.474	91459
1.478	90769
1.483	91979
1.487	90233
1.492	88488
1.496	89383
1.501	89525
1.505	90028
1.510	90578
1.514	89679
1.519	88844
1.523	89722
1.528	89961
1.532	90145
1.537	88994
1.541	90811
1.546	90759
1.550	89762
1.555	90808
1.559	90055
1.564	89180
1.568	89919
1.573	90517
1.577	90674
1.582	89305
1.586	90083
1.591	90264
1.595	89236
1.600	89657
1.604	89532
1.609	89063
1.613	87126
1.617	89252
1.622	89561
1.626	88308
1.631	89541
1.635	88954
1.640	89660
1.644	88536
1.649	89372
1.653	87901
1.658	87702
1.662	88864
1.667	88758
1.671	88152
1.676	89348
1.680	89543
1.685	88418
1.689	86876
1.694	88003
1.698	88067
1.703	89804
1.707	88838
1.712	88273
1.716	88566
1.721	88813
1.725	88247
1.730	89191
1.734	88022
1.738	87155
1.743	89258
1.747	88293
1.752	89168
1.756	87841
1.761	88257
1.765	88286
1.770	87480
1.774	87736
1.779	87996
1.783	88441
1.788	89704
1.792	88713
1.797	88540
1.801	90306
1.806	90415
1.810	90684
1.815	89579
1.819	90159
1.824	90374
1.828	89008
1.833	90275
1.837	88953
1.842	87946
1.846	88276
1.851	88831
1.855	89738
1.860	89412
1.864	91040
1.869	90425
1.873	89378
1.878	90862
1.882	90143
1.886	89864
1.891	90758
1.895	89816
1.900	89183
1.904	90769
1.909	92149
1.913	90916
1.918	91200
1.922	92051
1.927	92612
1.931	91568
1.936	91006
1.940	90967
1.945	90451
1.949	91367
1.954	93247
1.958	93346
1.963	91670
1.967	93532
1.972	92292
1.976	93695
1.981	92244
1.985	93745
1.990	92885
1.994	93339
1.999	94014
2.003	93615
2.008	94031
2.012	93240
2.016	94147
2.021	93385
2.025	89713
2.030	83574
2.034	83568
2.039	82672
2.043	83409
2.048	84251
2.052	84402
2.057	83309
2.061	84684
2.066	84155
2.070	83109
2.075	84453
2.079	93111
2.084	93716
2.088	92366
2.093	92580
2.097	92131
2.102	91205
2.106	91812
2.111	92666
2.115	92428
2.120	90701
2.124	91673
2.129	90887
2.133	88951
2.138	90368
2.142	90348
2.147	89065
2.151	88639
2.155	89081
2.160	88621
2.164	89105
2.169	88328
2.173	88405
2.178	86861
2.182	88256
2.187	87326
2.191	86551
2.196	87496
2.200	87418
2.205	86830
2.209	86479
2.214	85805
2.218	85564
2.223	84666
2.227	85760
2.232	84502
2.236	82071
2.241	79404
2.245	76596
2.250	75989
2.254	80763
2.259	82048
2.263	81821
2.268	82183
2.272	83107
2.277	81695
2.281	81977
2.285	83362
2.290	83539
2.294	81464
2.299	81512
2.303	81037
2.308	80438
2.312	80680
2.317	81211
2.321	81079
2.326	80647
2.330	80433
2.335	80730
2.339	80195
2.344	80710
2.348	80824
2.353	80529
2.357	80698
2.362	80920
2.366	80096
2.371	80908
2.375	80867
2.380	80358
2.384	80390
2.389	81707
2.393	81166
2.398	80819
2.402	80946
2.407	80037
2.411	79322
2.415	80122
2.420	79520
2.424	80110
2.429	80107
2.433	80156
2.438	80092
2.442	79618
2.447	80845
2.451	79597
2.456	79430
2.460	80234
2.465	79907
2.469	80797
2.474	80693
2.478	79757
2.483	78762
2.487	80064
2.492	79517
2.496	80133
2.501	81283
2.505	80593
2.510	79485
2.514	80517
2.519	78859
2.523	79558
2.528	78521
2.532	80042
2.537	79791
2.541	79610
2.546	79664
2.550	79607
2.555	78440
2.559	78074
2.563	78631
2.568	79356
2.572	79193
2.577	79543
2.581	79080
2.586	78601
2.590	78462
2.595	77609
2.599	75987
2.604	76140
2.608	76341
2.613	72651
2.617	75166
2.622	78465
2.626	75252
2.631	76990
2.635	72414
2.640	75084
2.644	77909
2.649	74173
2.653	75613
2.658	77050
2.662	70690
2.667	73466
2.671	75046
2.676	71052
2.680	72488
2.684	82917
2.689	72788
2.694	72225
2.698	74371
2.702	78151
2.707	76716
2.711	70716
2.716	76137
2.720	74603
2.725	77171
2.729	72179
2.734	81191
2.738	74981
2.743	71347
2.747	73458
2.752	72842
2.756	73752
2.761	73822
2.765	73219
2.770	72732
2.774	72153
2.779	79105
2.783	71337
2.788	71703
2.792	74441
2.797	76683
2.801	77560
2.806	71212
2.810	73320
2.815	72572
2.819	73531
2.823	72464
2.828	70988
2.832	73803
2.837	75830
2.841	77544
2.846	77571
2.850	76466
2.855	76575
2.859	77337
2.864	76424
2.868	78515
2.873	81180
2.877	79258
2.882	75761
2.886	74621
2.891	77698
2.895	78223
2.900	74996
2.904	76110
2.909	77980
2.913	78991
2.918	83741
2.922	80707
2.927	80846
2.931	80060
2.936	79313
2.940	78758
2.944	79205
2.949	80577
2.954	81312
2.958	81665
2.962	76710
2.967	80678
2.971	80116
2.976	78285
2.980	80780
2.985	81749
2.989	80498
2.994	79190
2.998	80589
3.003	80004
3.007	81062
3.012	77773
3.016	76642
3.021	79083
3.025	81782
3.030	79733
3.034	80841
3.039	80018
3.043	77062
3.048	78368
3.052	79120
3.057	77657
3.061	79078
3.066	78310
3.070	78283
3.075	78775
3.079	79543
3.083	79021
3.088	81074
3.092	80511
3.097	81579
3.101	79824
3.106	78966
3.110	78614
3.115	80606
3.119	83727
3.124	78135
3.128	78209
3.133	79908
3.137	79928
3.142	80754
3.146	80010
3.151	77594
3.155	81015
3.160	80501
3.164	81262
3.169	82600
3.173	79393
3.178	81961
3.182	79309
3.187	78259
3.191	76740
3.196	78016
3.200	80335
3.205	79136
3.209	80980
3.214	79628
3.218	80899
3.222	77872
3.227	80435
3.231	82151
3.236	80823
3.240	80028
3.245	78194
3.249	78833
3.254	80237
3.258	80425
3.263	78647
3.267	76073
3.272	77598
3.276	80381
3.281	80164
3.285	80154
3.290	78666
3.294	77851
3.299	78941
3.303	77736
3.308	76370
3.312	79617
3.317	82402
3.321	83081
3.326	81642
3.330	80380
3.335	81375
3.339	80187
3.343	79686
3.348	80028
3.353	79033
3.357	78827
3.361	78360
3.366	78651
3.370	77528
3.375	78393
3.379	79444
3.384	78566
3.388	77663
3.393	77734
3.397	78777
3.402	78324
3.406	77586
3.411	78657
3.415	77527
3.420	78170
3.424	77915
3.429	77793
3.433	78048
3.438	78323
3.442	78510
3.447	77626
3.451	76708
3.456	77664
3.460	78411
3.465	77232
3.469	76852
3.474	78579
3.478	77513
3.483	77476
3.487	78249
3.492	78475
3.496	78043
3.500	77852
3.505	77845
3.509	77809
3.514	76627
3.518	78633
3.523	78596
3.527	78112
3.532	77537
3.536	78153
3.541	78055
3.545	77466
3.550	78601
3.554	78264
3.559	78137
3.563	78596
3.568	79011
3.572	78378
3.577	78491
3.581	78300
3.586	78933
3.590	79314
3.595	79005
3.599	77886
3.604	77053
3.608	78720
3.613	78484
3.617	77538
3.622	78358
3.626	78357
3.630	77815
3.635	78805
3.639	78602
3.644	78063
3.648	78398
3.653	78181
3.657	78112
3.662	77972
3.666	78843
3.671	77826
3.675	78418
3.680	78185
3.684	77599
3.689	78524
3.693	78385
3.698	78265
3.702	77516
3.707	77965
3.711	77665
3.716	77323
3.720	77895
3.725	78446
3.729	77329
3.734	78715
3.738	78401
3.743	78255
3.747	77981
3.752	78713
3.756	78670
3.760	78641
3.765	79078
3.769	78720
3.774	78947
3.778	77975
3.783	78122
3.787	77649
3.792	78439
3.796	77728
3.801	77474
3.805	76922
3.810	77190
3.814	78589
3.819	78321
3.823	76268
3.828	79167
3.832	78508
3.837	79771
3.841	83542
3.846	87059
3.850	84137
3.855	84534
3.859	83539
3.864	81663
3.868	83742
3.873	82689
3.877	80749
3.882	82617
3.886	81818
3.890	81340
3.895	80838
3.899	79194
3.904	77927
3.908	79327
3.913	78817
3.917	80043
3.922	97228
3.926	100380
3.931	90362
3.935	85732
3.940	81231
3.944	80070
3.949	79909
3.953	79577
3.958	78818
3.962	79909
3.967	81285
3.971	95826
3.976	101206
3.980	109113
3.985	97164
3.989	90429
3.994	85574
3.998	82213
4.003	81296
4.007	79391
4.012	79093
4.016	79475
4.021	137965
4.025	197572
4.029	157919
4.034	124162
4.038	108409
4.043	97191
4.047	91201
4.052	89230
4.056	86861
4.061	84786
4.065	83577
4.070	96813
4.074	127494
4.079	116096
4.083	104725
4.088	95735
4.092	91127
4.097	86917
4.101	84468
4.106	84008
4.110	82910
4.115	81312
4.119	82291
4.124	120955
4.128	135355
4.133	139461
4.137	112454
4.142	94735
4.146	87897
4.151	83755
4.155	83029
4.160	80714
4.164	79308
4.168	89008
4.173	129241
4.177	143628
4.182	123029
4.186	103417
4.191	90465
4.195	86680
4.200	83296
4.204	80915
4.209	81445
4.213	80649
4.218	86897
4.222	112075
4.227	110941
4.231	108001
4.236	97070
4.240	89948
4.245	84883
4.249	83018
4.254	83067
4.258	83594
4.263	82354
4.267	81243
4.272	82772
4.276	83987
4.281	97646
4.285	122924
4.290	114608
4.294	106556
4.298	100115
4.303	92714
4.307	86458
4.312	83891
4.316	82987
4.321	81550
4.325	80501
4.330	94501
4.334	109125
4.339	91512
4.343	94590
4.348	88066
4.352	85226
4.357	83035
4.361	80590
4.366	80266
4.370	80192
4.375	79847
4.379	96124
4.384	111494
4.388	106700
4.393	112599
4.397	92637
4.402	85768
4.406	82038
4.411	79768
4.415	78781
4.420	78059
4.424	76585
4.429	92127
4.433	98977
4.437	89678
4.442	88968
4.446	87576
4.451	83304
4.455	83403
4.460	82519
4.464	81311
4.469	80374
4.473	79839
4.478	79246
4.482	78230
4.487	76642
4.491	77503
4.496	77718
4.500	76484
4.505	75928
4.509	76818
4.514	76570
4.518	76772
4.523	78384
4.527	90290
4.532	97966
4.536	96885
4.541	100379
4.545	99776
4.550	99534
4.554	97797
4.558	95167
4.563	93708
4.568	88568
4.572	83432
4.576	84371
4.581	112929
4.585	108344
4.590	93479
4.594	87848
4.599	84291
4.603	81819
4.608	80399
4.612	79671
4.617	76685
4.621	76900
4.626	106222
4.630	102769
4.635	101579
4.639	94136
4.644	89191
4.648	85378
4.653	80442
4.657	79947
4.662	78371
4.666	78999
4.671	79993
4.675	85147
4.680	105795
4.684	112670
4.689	110823
4.693	97589
4.698	92582
4.702	87383
4.707	83037
4.711	80667
4.715	80556
4.720	79192
4.724	79547
4.729	80021
4.733	81988
4.738	98834
4.742	103584
4.747	94186
4.751	86925
4.756	81934
4.760	80985
4.765	81697
4.769	80903
4.774	80127
4.778	79523
4.783	79051
4.787	102326
4.792	106109
4.796	97609
4.801	88662
4.805	85398
4.810	82111
4.814	80610
4.819	80429
4.823	80769
4.828	80524
4.832	79380
4.836	89843
4.841	115494
4.845	127096
4.850	97173
4.854	88247
4.859	84344
4.863	82545
4.868	79809
4.872	77763
4.877	77170
4.881	75994
4.886	87322
4.890	115565
4.895	91746
4.899	88120
4.904	95557
4.908	98755
4.913	94332
4.917	92034
4.922	96504
4.926	90570
4.931	86922
4.935	98166
4.940	113030
4.944	92785
4.949	87595
4.953	85372
4.958	82938
4.962	82538
4.967	80868
4.971	79306
4.975	79463
4.980	78914
4.984	88122
4.989	99117
4.993	100485
4.998	89189
5.002	87058
5.007	83037
5.011	79428
5.016	76290
5.020	77316
5.025	77769
5.029	78167
5.034	77552
5.038	80141
5.043	80582
5.047	88124
5.052	92665
5.056	101693
5.061	89560
5.065	86165
5.070	83864
5.074	82407
5.079	80151
5.083	79266
5.088	79506
5.092	78873
5.097	77826
5.101	77664
5.106	77536
5.110	77149
5.114	76156
5.119	77645
5.123	76382
5.128	76631
5.132	76017
5.137	78005
5.141	77706
5.146	103280
5.150	88526
5.155	90667
5.159	89665
5.164	85924
5.168	82401
5.173	79311
5.177	78267
5.182	79416
5.186	77279
5.191	78427
5.195	96602
5.200	101347
5.204	85187
5.209	84046
5.213	82386
5.218	80109
5.222	78966
5.227	78606
5.231	77625
5.235	77575
5.240	77513
5.245	75199
5.249	76810
5.253	82700
5.258	80833
5.262	77318
5.267	79011
5.271	79402
5.276	79353
5.280	79054
5.285	79255
5.289	79101
5.294	79617
5.298	81270
5.303	83955
5.307	91799
5.312	87698
5.316	83871
5.321	79198
5.325	78183
5.330	77239
5.334	76691
5.339	76967
5.343	78120
5.348	80454
5.352	81891
5.357	88554
5.361	93806
5.366	89420
5.370	81712
5.374	77765
5.379	76967
5.384	76507
5.388	76417
5.392	75675
5.397	76717
5.401	81420
5.406	100292
5.410	117433
5.415	94755
5.419	85691
5.424	82677
5.428	80227
5.433	78748
5.437	77832
5.442	77556
5.446	78479
5.451	80995
5.455	159310
5.460	138291
5.464	121809
5.469	102063
5.473	94539
5.478	89387
5.482	85347
5.487	81704
5.491	80099
5.496	76891
5.500	76758
5.504	90325
5.509	106017
5.514	104374
5.518	93183
5.522	87638
5.527	82237
5.531	78606
5.536	78325
5.540	77441
5.545	76441
5.549	75379
5.554	91204
5.558	93816
5.563	85499
5.567	87946
5.572	85637
5.576	89335
5.581	89530
5.585	86493
5.590	87393
5.594	85028
5.599	80531
5.603	82483
5.608	80827
5.612	80866
5.617	81059
5.621	77704
5.626	76638
5.630	76872
5.635	77455
5.639	78260
5.644	79338
5.648	79883
5.652	83222
5.657	89130
5.661	82734
5.666	81094
5.670	81134
5.675	83091
5.679	83936
5.684	83614
5.688	80489
5.693	78514
5.697	77806
5.702	77373
5.706	77235
5.711	78629
5.715	79025
5.720	79948
5.724	78514
5.729	76713
5.733	75778
5.738	74731
5.742	74869
5.747	75752
5.751	84365
5.756	93929
5.760	98553
5.765	88905
5.769	83084
5.774	81289
5.778	79036
5.782	78040
5.787	78032
5.791	77424
5.796	77547
5.800	84991
5.805	92849
5.809	88019
5.814	79791
5.818	77931
5.823	75501
5.827	77296
5.832	76960
5.836	75063
5.841	75977
5.845	76222
5.850	93783
5.854	91326
5.859	83669
5.863	82991
5.868	79876
5.872	78371
5.877	76588
5.881	74943
5.886	74819
5.890	74662
5.895	73504
5.899	78529
5.904	90402
5.908	84725
5.912	82435
5.917	78371
5.921	78770
5.926	75611
5.930	73025
5.935	74352
5.939	74557
5.944	73111
5.948	77707
5.953	97380
5.957	98765
5.962	99155
5.966	86533
5.971	77614
5.975	77503
5.980	76173
5.984	75739
5.989	75426
5.993	74804
5.998	79209
6.002	93316
6.007	91256
6.011	79661
6.016	77417
6.020	77030
6.025	76760
6.029	75371
6.034	75762
6.038	76461
6.043	74733
6.047	73519
6.051	98236
6.056	120959
6.060	107327
6.065	94295
6.069	84641
6.074	78795
6.078	76667
6.083	76412
6.087	74846
6.092	73730
6.096	78410
6.101	89749
6.105	85880
6.110	84457
6.114	83172
6.119	81767
6.123	81327
6.128	79782
6.132	78531
6.137	78428
6.141	77012
6.146	74582
6.150	100309
6.155	81217
6.159	79702
6.164	80078
6.168	77701
6.173	76687
6.177	76030
6.181	76749
6.186	76298
6.190	75814
6.195	77124
6.199	80505
6.204	85272
6.208	80027
6.213	84627
6.217	81507
6.222	77903
6.226	79132
6.231	77303
6.235	75488
6.240	76260
6.244	75187
6.249	87952
6.253	81430
6.258	79498
6.262	78501
6.267	77641
6.271	77095
6.276	75773
6.280	77359
6.285	77076
6.289	75114
6.294	75669
6.298	75066
6.303	75113
6.307	75477
6.312	75101
6.316	74257
6.320	73315
6.325	73485
6.329	72927
6.334	73319
6.338	73938
6.343	73574
6.347	85209
6.352	80668
6.356	78751
6.361	78406
6.365	78042
6.370	77524
6.374	76283
6.379	75718
6.383	73934
6.388	73390
6.392	74591
6.397	95939
6.401	86277
6.406	78400
6.410	77083
6.415	74876
6.419	73003
6.424	72155
6.428	72840
6.433	73373
6.437	74370
6.442	75035
6.446	89240
6.451	87031
6.455	83553
6.459	76428
6.464	74406
6.468	73563
6.473	74581
6.477	73697
6.482	74200
6.486	74850
6.491	79592
6.495	83687
6.500	94919
6.504	105596
6.509	90557
6.513	85450
6.518	84663
6.522	81141
6.527	78802
6.531	79004
6.536	77657
6.540	75977
6.545	74691
6.549	78997
6.554	96191
6.558	98797
6.563	102772
6.567	87763
6.572	76736
6.576	75459
6.581	75044
6.585	77450
6.590	77949
6.594	78764
6.598	98470
6.603	108356
6.607	90334
6.612	85286
6.616	80432
6.621	77214
6.625	76189
6.630	76443
6.634	76195
6.639	77863
6.643	77614
6.648	76227
6.652	76910
6.657	83283
6.661	80768
6.666	77826
6.670	77345
6.675	76533
6.679	76025
6.684	77726
6.688	77141
6.693	77019
6.697	76341
6.702	77768
6.706	81177
6.710	79626
6.715	138967
6.720	142946
6.724	120414
6.728	103283
6.733	95351
6.737	89068
6.742	83195
6.746	81929
6.751	82077
6.755	84275
6.760	86657
6.764	86468
6.769	88318
6.773	87444
6.778	83512
6.782	83032
6.787	80955
6.791	79899
6.796	77540
6.800	79979
6.805	79632
6.809	88041
6.814	89512
6.818	84816
6.823	83295
6.827	81655
6.832	80889
6.836	78445
6.841	80359
6.845	81224
6.849	80339
6.854	81982
6.858	86365
6.863	85519
6.867	83974
6.872	80996
6.876	81910
6.881	79746
6.885	80249
6.890	80063
6.894	81294
6.899	82885
6.903	83891
6.908	84504
6.912	83228
6.917	80773
6.921	80950
6.926	81278
6.930	83626
6.935	82675
6.939	80298
6.944	80358
6.948	80916
6.953	80184
6.957	87648
6.962	91693
6.966	86977
6.971	85467
6.975	82878
6.980	81778
6.984	79135
6.988	79891
6.993	81072
6.997	79314
7.002	79114
7.006	80665
7.011	78791
7.015	79135
7.020	83870
7.024	83148
7.029	78977
7.033	80262
7.038	81938
7.042	83301
7.047	82399
7.051	79975
7.056	81519
7.060	81315
7.065	90562
7.069	91283
7.074	86149
7.078	84186
7.083	84117
7.087	82473
7.092	82645
7.096	82740
7.101	82694
7.105	81412
7.110	80900
7.114	85453
7.119	111600
7.123	90861
7.128	87382
7.132	86654
7.136	85239
7.141	86405
7.145	85691
7.150	87732
7.154	86203
7.159	84625
7.163	83733
7.168	89734
7.172	88961
7.177	88490
7.181	85943
7.186	83697
7.190	84024
7.195	84214
7.199	80817
7.204	83951
7.208	84922
7.213	86648
7.217	87143
7.222	92758
7.226	84811
7.231	83740
7.235	84452
7.240	83985
7.244	82959
7.249	83495
7.253	81575
7.257	80362
7.262	79792
7.266	77233
7.271	76244
7.275	91751
7.280	87907
7.284	97636
7.289	88262
7.293	74823
7.298	74566
7.302	77072
7.307	76639
7.311	74978
7.316	72912
7.320	71958
7.325	74437
7.329	84304
7.334	82988
7.338	79674
7.343	82919
7.347	79316
7.352	76745
7.356	76616
7.361	76700
7.365	75584
7.370	76274
7.374	74395
7.379	84518
7.383	81836
7.387	82072
7.392	79286
7.397	76761
7.401	74937
7.405	73829
7.410	73591
7.414	72711
7.419	72744
7.423	72704
7.428	76297
7.432	78387
7.437	74033
7.441	74414
7.446	73841
7.450	73613
7.455	74299
7.459	74830
7.464	74950
7.468	74829
7.473	75065
7.477	80617
7.482	82941
7.486	78112
7.491	76976
7.495	77605
7.500	76694
7.504	76859
7.509	77398
7.513	75600
7.518	76471
7.522	77522
7.527	76839
7.531	77449
7.535	79162
7.540	77827
7.544	74747
7.549	75872
7.553	76930
7.558	76237
7.562	75489
7.567	74948
7.571	74713
7.576	86047
7.580	80740
7.585	79302
7.589	78426
7.594	78417
7.598	77343
7.603	75941
7.607	75864
7.612	74765
7.616	74000
7.621	71844
7.625	76797
7.630	88738
7.634	89846
7.639	89598
7.643	85001
7.648	79394
7.652	76929
7.657	77063
7.661	76041
7.665	75376
7.670	74767
7.674	84939
7.679	87042
7.683	86882
7.688	85425
7.692	82575
7.697	79668
7.701	82261
7.706	82397
7.710	80725
7.715	80356
7.719	79727
7.724	82067
7.728	85950
7.733	131495
7.737	139399
7.742	135365
7.746	124267
7.751	112653
7.755	104234
7.760	98693
7.764	92975
7.769	88075
7.773	94848
7.778	88909
7.782	90626
7.787	88284
7.791	83409
7.795	78917
7.800	77884
7.804	76330
7.809	76418
7.813	75326
7.818	75937
7.822	81618
7.827	81060
7.831	81710
7.836	80234
7.840	79033
7.845	75865
7.849	75768
7.854	75188
7.858	73767
7.863	75357
7.867	78673
7.872	78481
7.876	83497
7.881	80850
7.885	80874
7.890	82234
7.894	82230
7.899	80199
7.903	80502
7.908	79615
7.912	79171
7.917	78256
7.921	85234
7.926	85659
7.930	85225
7.934	81805
7.939	81423
7.943	81395
7.948	77405
7.952	76845
7.957	74794
7.961	72689
7.966	73636
7.970	81177
7.975	84173
7.979	81453
7.984	76443
7.988	75791
7.993	76927
7.997	76439
8.002	76762
8.006	75770
8.011	75935
8.015	75292
8.020	76748
8.024	102384
8.029	83446
8.033	81452
8.038	78889
8.042	77142
8.047	77750
8.051	77581
8.056	77527
8.060	77977
8.064	79317
8.069	79037
8.073	82005
8.078	103027
8.082	90491
8.087	87186
8.091	82970
8.096	82980
8.100	80285
8.105	79608
8.109	79837
8.114	78728
8.118	78332
8.123	78849
8.127	78822
8.132	77962
8.136	79660
8.141	81654
8.145	79831
8.150	81010
8.154	81841
8.159	80224
8.163	81110
8.168	80939
8.172	88099
8.177	88022
8.181	80730
8.186	80006
8.190	79154
8.195	80403
8.199	78925
8.203	79318
8.208	81519
8.212	82180
8.217	90418
8.221	93141
8.226	89215
8.230	84323
8.235	80648
8.239	80014
8.244	78621
8.248	77769
8.253	79412
8.257	79706
8.262	79853
8.266	80364
8.271	86232
8.275	86104
8.280	86773
8.284	81898
8.289	79967
8.293	79329
8.298	80638
8.302	80119
8.307	81125
8.311	81681
8.316	81109
8.320	80410
8.325	78970
8.329	80763
8.334	90216
8.338	87979
8.342	85848
8.347	83405
8.351	81590
8.356	78588
8.360	79163
8.365	79795
8.369	79247
8.374	79841
8.378	79644
8.383	81113
8.387	81693
8.392	82990
8.396	82166
8.401	82343
8.405	80307
8.410	77978
8.414	78182
8.419	78218
8.423	79210
8.428	80485
8.432	116462
8.437	116166
8.441	99750
8.446	89480
8.450	84631
8.455	82145
8.459	81880
8.464	81802
8.468	81656
8.472	82685
8.477	81573
8.481	83476
8.486	88401
8.490	85362
8.495	82316
8.499	81325
8.504	81419
8.508	79213
8.513	79227
8.517	80577
8.522	79226
8.526	78912
8.531	85161
8.535	98069
8.540	86909
8.544	85176
8.549	87659
8.553	84023
8.558	80007
8.562	78512
8.567	77483
8.571	78637
8.576	78000
8.580	80791
8.585	88797
8.589	88865
8.594	86288
8.598	84225
8.602	85420
8.607	84563
8.611	83676
8.616	82629
8.620	81494
8.625	80842
8.629	79695
8.634	82145
8.638	82248
8.643	83007
8.647	87077
8.652	84943
8.656	83466
8.661	82166
8.665	82562
8.670	82015
8.674	83305
8.679	84846
8.683	89289
8.688	88062
8.692	86285
8.697	85448
8.701	92448
8.706	86795
8.710	83011
8.715	82356
8.719	82797
8.724	81251
8.728	79386
8.732	79272
8.737	79202
8.741	78646
8.746	79406
8.750	80985
8.755	83120
8.759	83502
8.764	82743
8.768	80609
8.773	79868
8.777	79367
8.782	87552
8.786	86457
8.791	86209
8.795	84030
8.800	79918
8.804	78845
8.809	79272
8.813	78459
8.818	78738
8.822	78552
8.827	79997
8.831	81431
8.836	81440
8.840	82246
8.845	78538
8.849	76355
8.854	77590
8.858	77174
8.863	75793
8.867	75381
8.872	76151
8.876	75573
8.880	75710
8.885	80343
8.889	80000
8.894	79140
8.898	77289
8.903	79015
8.907	80254
8.912	79467
8.916	81397
8.921	80409
8.925	79716
8.930	79206
8.934	79529
8.939	78339
8.943	76784
8.948	76856
8.952	76858
8.957	75395
8.961	75650
8.966	79824
8.970	79185
8.975	76960
8.979	81717
8.984	80172
8.988	77075
8.993	79768
8.997	78958
9.002	77659
9.006	76173
9.010	78561
9.015	78616
9.019	78565
9.024	79952
9.028	85552
9.033	96574
9.037	86780
9.042	82574
9.046	80018
9.051	80194
9.055	78544
9.060	78486
9.064	78676
9.069	79563
9.073	80857
9.078	79338
9.082	80614
9.087	79112
9.091	96697
9.096	92625
9.100	84477
9.105	81465
9.109	79176
9.114	79365
9.118	78551
9.123	81365
9.127	80747
9.132	79993
9.136	79819
9.140	82229
9.145	86916
9.149	83663
9.154	79425
9.158	81606
9.163	81343
9.167	81688
9.172	83446
9.176	80865
9.181	80101
9.185	85342
9.190	84698
9.194	90109
9.199	87559
9.203	86486
9.208	83290
9.212	81932
9.217	82535
9.221	80529
9.226	79908
9.230	79411
9.235	79917
9.239	78324
9.244	83654
9.248	92562
9.253	85202
9.257	84080
9.262	82235
9.266	80539
9.270	79490
9.275	79667
9.279	80301
9.284	80410
9.288	78989
9.293	85829
9.297	86161
9.302	83264
9.306	84145
9.311	83442
9.315	81057
9.320	81654
9.324	80465
9.329	81799
9.333	83539
9.338	82450
9.342	82649
9.347	81371
9.351	83440
9.356	82780
9.360	82609
9.365	85261
9.369	84149
9.374	84142
9.378	83403
9.383	83293
9.387	81333
9.392	85828
9.396	92918
9.401	87861
9.405	95030
9.409	93227
9.414	90304
9.418	87714
9.423	84434
9.427	85870
9.432	84189
9.436	86325
9.441	90749
9.445	97890
9.450	96122
9.454	96358
9.459	92030
9.463	88071
9.468	86089
9.472	85130
9.477	84169
9.481	85236
9.486	83010
9.490	83562
9.495	90575
9.499	94208
9.504	86864
9.508	90590
9.513	93015
9.517	90821
9.522	87339
9.526	87371
9.531	90074
9.535	86782
9.540	85850
9.544	87066
9.549	93987
9.553	90254
9.557	88831
9.562	84827
9.566	84621
9.571	84943
9.575	83516
9.580	81078
9.584	80826
9.589	82087
9.593	91258
9.598	91544
9.602	96567
9.607	96327
9.611	91994
9.616	88693
9.620	86375
9.625	85143
9.629	83487
9.634	84210
9.638	84752
9.643	92095
9.647	90846
9.652	89185
9.656	88168
9.661	85733
9.665	86874
9.670	86022
9.674	85643
9.678	84923
9.683	84665
9.688	84025
9.692	88571
9.696	88869
9.701	90014
9.705	88600
9.710	86659
9.714	84087
9.719	86421
9.723	84221
9.728	84108
9.732	84968
9.737	85481
9.741	93396
9.746	91004
9.750	94210
9.755	103366
9.759	98549
9.764	90181
9.768	85048
9.773	83995
9.777	84169
9.782	83491
9.786	83199
9.791	84700
9.795	88371
9.800	86010
9.804	85249
9.809	86140
9.813	84694
9.817	83388
9.822	84459
9.826	83974
9.831	84231
9.835	82017
9.840	88114
9.844	89986
9.849	89260
9.853	86951
9.858	83723
9.862	83128
9.867	83067
9.871	85118
9.876	83347
9.880	84079
9.885	86383
9.889	87938
9.894	92563
9.898	94547
9.903	93427
9.907	90312
9.912	88657
9.916	88232
9.921	87691
9.925	85367
9.930	83061
9.934	82675
9.939	83700
9.943	83994
9.948	83031
9.952	82107
9.956	81672
9.961	82996
9.965	80398
9.970	82734
9.974	80848
9.979	78002
9.983	76720
9.988	80354
9.992	84133
9.997	87060
10.001	86608
10.006	83513
10.010	81300
10.015	83837
10.019	83198
10.024	84704
10.028	84881
10.033	91345
10.037	96383
10.042	93679
10.046	93624
10.051	92534
10.055	90045
10.060	87105
10.064	85797
10.069	85948
10.073	85383
10.078	86056
10.082	86465
10.086	95823
10.091	105147
10.095	101000
10.100	99463
10.104	96179
10.109	93829
10.113	89421
10.118	88453
10.122	87346
10.127	86280
10.131	87335
10.136	88482
10.140	87935
10.145	89345
10.149	90370
10.154	91293
10.158	91109
10.163	92464
10.167	91796
10.172	90306
10.176	89815
10.181	89149
10.185	88036
10.190	87256
10.194	86224
10.199	86306
10.203	91731
10.208	91916
10.212	88467
10.216	87543
10.221	87980
10.225	87996
10.230	86504
10.234	87029
10.239	88995
10.243	87971
10.248	89342
10.252	89328
10.257	97696
10.261	96858
10.266	91625
10.270	89085
10.275	88393
10.279	87741
10.284	89246
10.288	89836
10.293	89193
10.297	89188
10.302	93003
10.306	98134
10.311	94143
10.315	92898
10.320	92474
10.324	89044
10.329	88322
10.333	89022
10.338	89436
10.342	90777
10.346	92521
10.351	94171
10.356	98755
10.360	96012
10.364	93977
10.369	92164
10.373	90344
10.378	89543
10.382	91913
10.387	89678
10.391	90146
10.396	90592
10.400	90479
10.405	97782
10.409	99911
10.414	96592
10.418	95322
10.423	94967
10.427	95523
10.432	94540
10.436	97498
10.441	95514
10.445	91751
10.450	94969
10.454	96208
10.459	106165
10.463	119369
10.468	151376
10.472	116822
10.476	104881
10.481	102846
10.486	99379
10.490	97835
10.494	97833
10.499	98032
10.503	104127
10.508	104292
10.512	103385
10.517	104461
10.521	102869
10.526	101740
10.530	101632
10.535	98949
10.539	99193
10.544	99978
10.548	102395
10.553	101038
10.557	101547
10.562	100777
10.566	99567
10.571	101495
10.575	104843
10.580	105172
10.584	100864
10.589	102164
10.593	101726
10.598	101339
10.602	102922
10.607	102126
10.611	103055
10.616	104400
10.620	105993
10.624	107599
10.629	109119
10.633	106542
10.638	104937
10.642	104183
10.647	103205
10.651	101308
10.656	104992
10.660	104455
10.665	102525
10.669	103091
10.674	103943
10.678	102870
10.683	102677
10.687	104003
10.692	102324
10.696	104050
10.701	103075
10.705	103936
10.710	102031
10.714	100882
10.719	102622
10.723	103683
10.728	102874
10.732	103314
10.737	102429
10.741	102219
10.745	103243
10.750	103045
10.755	103295
10.759	102857
10.763	103571
10.768	104099
10.772	103621
10.777	104778
10.781	102722
10.786	104765
10.790	102109
10.795	103033
10.799	103532
10.804	103779
10.808	103146
10.813	104062
10.817	104824
10.822	105450
10.826	103898
10.831	105332
10.835	105593
10.840	105625
10.844	106566
10.849	105831
10.853	105025
10.858	105777
10.862	105686
10.867	105417
10.871	106163
10.876	106071
10.880	106865
10.885	106992
10.889	106478
10.893	105911
10.898	108290
10.902	106619
10.907	107425
10.911	106065
10.916	108251
10.920	107808
10.925	107395
10.929	108312
10.934	108597
10.938	107218

